param n:= 146 ;
param r:= 2 ;

param Tmax:= 1000 ;

param cant_clases:= 10 ;

param b:=
0 0
1 20.0
2 10.0
3 8.0
4 6.0
5 1.0
6 19.0
7 13.0
8 24.0
9 15.0
10 13.0
11 10.0
12 4.0
13 12.0
14 21.0
15 2.0
16 10.0
17 20.0
18 9.0
19 24.0
20 19.0
21 13.0
22 14.0
23 17.0
24 25.0
25 1.0
26 9.0
27 12.0
28 22.0
29 2.0
30 21.0
31 8.0
32 19.0
33 24.0
34 24.0
35 2.0
36 20.0
37 20.0
38 5.0
39 17.0
40 4.0
41 21.0
42 3.0
43 16.0
44 14.0
45 6.0
46 5.0
47 12.0
48 23.0
49 12.0
50 18.0
51 24.0
52 3.0
53 3.0
54 25.0
55 22.0
56 25.0
57 15.0
58 18.0
59 8.0
60 20.0
61 18.0
62 5.0
63 25.0
64 16.0
65 14.0
66 1.0
67 15.0
68 22.0
69 6.0
70 24.0
71 19.0
72 12.0
73 13.0
74 10.0
75 12.0
76 13.0
77 25.0
78 12.0
79 2.0
80 11.0
81 10.0
82 9.0
83 21.0
84 14.0
85 15.0
86 6.0
87 25.0
88 14.0
89 17.0
90 8.0
91 4.0
92 17.0
93 23.0
94 4.0
95 4.0
96 9.0
97 9.0
98 19.0
99 12.0
100 25.0
101 8.0
102 13.0
103 3.0
104 6.0
105 11.0
106 24.0
107 16.0
108 21.0
109 25.0
110 10.0
111 2.0
112 13.0
113 14.0
114 19.0
115 16.0
116 23.0
117 13.0
118 24.0
119 17.0
120 8.0
121 12.0
122 6.0
123 20.0
124 20.0
125 24.0
126 10.0
127 18.0
128 10.0
129 15.0
130 12.0
131 22.0
132 11.0
133 14.0
134 9.0
135 6.0
136 23.0
137 8.0
138 22.0
139 7.0
140 15.0
141 22.0
142 7.0
143 14.0
144 21.0
145 0
;

param o:=
0 0
1 399
2 463
3 391
4 262
5 102
6 330
7 248
8 333
9 274
10 379
11 214
12 232
13 401
14 213
15 366
16 427
17 166
18 184
19 462
20 118
21 388
22 72
23 432
24 288
25 142
26 220
27 406
28 414
29 108
30 104
31 264
32 153
33 421
34 211
35 398
36 145
37 147
38 74
39 317
40 235
41 479
42 472
43 141
44 171
45 327
46 98
47 366
48 244
49 256
50 174
51 312
52 197
53 66
54 175
55 300
56 181
57 106
58 235
59 416
60 399
61 430
62 132
63 65
64 280
65 323
66 323
67 409
68 113
69 297
70 411
71 453
72 119
73 249
74 67
75 224
76 302
77 88
78 338
79 109
80 248
81 318
82 263
83 145
84 141
85 452
86 172
87 98
88 452
89 331
90 302
91 327
92 329
93 115
94 207
95 75
96 124
97 236
98 216
99 329
100 93
101 446
102 308
103 329
104 307
105 81
106 209
107 319
108 78
109 367
110 268
111 473
112 287
113 377
114 181
115 182
116 191
117 76
118 184
119 232
120 478
121 368
122 96
123 308
124 393
125 160
126 403
127 226
128 268
129 80
130 353
131 277
132 222
133 279
134 204
135 245
136 68
137 264
138 469
139 70
140 425
141 374
142 274
143 448
144 421
145 0
;

param e:=
0 0
1 6.0
2 3.0
3 23.0
4 1.0
5 18.0
6 8.0
7 2.0
8 9.0
9 1.0
10 20.0
11 23.0
12 22.0
13 24.0
14 21.0
15 18.0
16 21.0
17 7.0
18 4.0
19 21.0
20 13.0
21 18.0
22 4.0
23 3.0
24 12.0
25 5.0
26 8.0
27 14.0
28 10.0
29 14.0
30 19.0
31 20.0
32 21.0
33 11.0
34 14.0
35 6.0
36 7.0
37 3.0
38 22.0
39 21.0
40 12.0
41 1.0
42 11.0
43 12.0
44 19.0
45 8.0
46 11.0
47 18.0
48 6.0
49 3.0
50 6.0
51 10.0
52 7.0
53 17.0
54 12.0
55 11.0
56 15.0
57 6.0
58 13.0
59 3.0
60 23.0
61 24.0
62 22.0
63 11.0
64 24.0
65 8.0
66 22.0
67 11.0
68 6.0
69 10.0
70 10.0
71 20.0
72 2.0
73 18.0
74 8.0
75 13.0
76 8.0
77 8.0
78 18.0
79 17.0
80 10.0
81 23.0
82 3.0
83 25.0
84 4.0
85 25.0
86 5.0
87 9.0
88 18.0
89 16.0
90 16.0
91 22.0
92 2.0
93 22.0
94 11.0
95 24.0
96 17.0
97 12.0
98 1.0
99 23.0
100 4.0
101 15.0
102 15.0
103 12.0
104 21.0
105 21.0
106 15.0
107 21.0
108 19.0
109 11.0
110 3.0
111 12.0
112 4.0
113 2.0
114 9.0
115 21.0
116 17.0
117 22.0
118 24.0
119 2.0
120 25.0
121 21.0
122 11.0
123 23.0
124 4.0
125 1.0
126 15.0
127 20.0
128 8.0
129 4.0
130 12.0
131 23.0
132 25.0
133 5.0
134 15.0
135 2.0
136 22.0
137 16.0
138 23.0
139 13.0
140 7.0
141 20.0
142 25.0
143 12.0
144 9.0
145 0
;

param c:=
0 1000
1 560
2 571
3 505
4 437
5 223
6 475
7 416
8 468
9 379
10 472
11 340
12 323
13 507
14 380
15 518
16 594
17 284
18 292
19 627
20 245
21 514
22 209
23 542
24 401
25 258
26 358
27 577
28 578
29 242
30 233
31 388
32 273
33 519
34 357
35 554
36 252
37 245
38 231
39 416
40 387
41 576
42 570
43 287
44 273
45 449
46 223
47 515
48 360
49 375
50 264
51 440
52 313
53 187
54 303
55 396
56 344
57 282
58 348
59 591
60 554
61 555
62 260
63 198
64 373
65 465
66 496
67 522
68 227
69 427
70 575
71 590
72 228
73 395
74 218
75 325
76 478
77 225
78 458
79 262
80 379
81 476
82 362
83 268
84 261
85 542
86 288
87 254
88 552
89 437
90 402
91 439
92 495
93 209
94 299
95 253
96 221
97 335
98 335
99 490
100 204
101 622
102 420
103 489
104 423
105 174
106 334
107 430
108 251
109 509
110 399
111 638
112 466
113 486
114 312
115 304
116 312
117 223
118 296
119 376
120 581
121 543
122 227
123 475
124 516
125 260
126 559
127 373
128 435
129 171
130 488
131 436
132 369
133 429
134 376
135 423
136 218
137 356
138 587
139 228
140 600
141 550
142 367
143 589
144 599
145 1000
;

param t
:	0	1	2	3	4	5	6	7	8	9	10	11	12	13	14	15	16	17	18	19	20	21	22	23	24	25	26	27	28	29	30	31	32	33	34	35	36	37	38	39	40	41	42	43	44	45	46	47	48	49	50	51	52	53	54	55	56	57	58	59	60	61	62	63	64	65	66	67	68	69	70	71	72	73	74	75	76	77	78	79	80	81	82	83	84	85	86	87	88	89	90	91	92	93	94	95	96	97	98	99	100	101	102	103	104	105	106	107	108	109	110	111	112	113	114	115	116	117	118	119	120	121	122	123	124	125	126	127	128	129	130	131	132	133	134	135	136	137	138	139	140	141	142	143	144	145 :=
0	0.0	50.73	55.32	22.37	86.68	20.99	73.79	66.59	47.4	84.67	48.21	35.92	65.5	24.85	63.12	16.62	48.99	28.07	98.44	21.41	51.35	56.5	53.02	38.39	16.64	59.4	71.28	75.32	49.19	73.5	59.16	65.67	40.03	32.86	45.13	52.54	63.92	63.98	49.07	46.84	44.59	35.22	53.32	23.81	15.46	31.04	19.69	38.41	52.52	90.73	44.91	88.74	68.33	43.0	8.27	42.07	23.09	84.64	69.95	2.5	75.12	57.64	51.88	54.6	51.01	10.02	37.97	88.99	27.42	68.67	89.03	23.6	13.49	62.28	30.34	20.85	51.33	19.86	52.43	82.13	76.94	34.23	94.27	52.68	69.58	51.73	81.15	71.97	83.0	91.04	37.53	33.97	33.78	54.79	80.76	78.01	71.57	28.71	44.13	19.97	65.76	61.16	51.59	75.07	46.34	69.89	31.41	51.32	28.95	43.02	71.64	40.6	61.95	60.6	33.61	17.89	111.24	80.21	91.97	69.24	74.59	60.57	57.05	15.4	66.25	19.45	90.19	24.18	61.85	37.91	43.62	58.47	16.4	34.46	33.34	21.05	39.57	75.53	58.06	25.21	34.51	61.76	48.48	94.63	22.54	0.0
1	50.73	0.0	34.89	53.27	128.61	50.84	34.58	112.12	92.38	107.76	98.69	75.62	94.93	69.33	12.4	39.26	93.32	54.64	140.69	62.54	69.8	11.93	96.77	87.42	34.28	109.99	105.14	114.8	98.91	117.43	34.86	47.9	16.59	22.47	95.76	102.6	17.35	46.44	93.77	89.77	92.95	18.85	102.95	37.29	59.57	33.07	31.09	81.02	31.82	93.48	93.61	135.79	21.42	90.65	51.37	40.83	27.66	128.43	30.06	49.09	36.33	100.58	19.5	105.32	4.42	53.43	79.84	38.27	37.99	86.31	39.25	53.79	44.41	105.48	80.97	58.69	3.97	47.17	78.03	34.6	117.43	41.24	119.56	6.74	109.87	1.02	35.44	37.25	58.12	46.7	83.1	18.98	27.38	92.87	41.18	33.75	119.17	79.32	57.52	50.76	29.17	110.91	101.49	119.98	96.85	20.15	82.14	9.55	39.49	93.71	108.84	62.6	11.42	105.92	77.97	64.64	130.56	37.41	136.55	65.16	105.5	62.89	104.64	58.64	20.94	38.33	65.13	74.64	109.99	87.3	63.0	48.95	61.96	85.06	57.77	29.89	11.95	70.37	8.06	49.97	85.15	96.3	81.67	102.99	41.35	50.73
2	55.32	34.89	0.0	69.84	141.88	67.35	68.73	98.44	102.71	132.19	100.01	61.89	115.86	61.34	39.89	54.12	104.27	40.32	153.71	74.9	43.69	26.05	108.27	92.88	41.91	106.44	123.91	95.07	93.01	101.53	4.4	13.56	45.58	46.65	93.41	105.28	28.82	80.16	104.37	75.98	85.04	26.97	106.75	31.7	54.76	57.13	42.58	68.5	3.51	124.72	99.44	143.47	30.77	81.96	50.62	17.2	39.14	111.61	22.45	52.86	24.53	112.81	53.66	104.29	30.6	63.16	66.91	56.58	59.8	112.25	63.78	42.55	42.6	89.94	80.0	49.77	38.84	63.86	54.08	63.95	98.32	24.26	90.73	28.92	91.25	34.93	36.21	72.0	92.99	42.15	92.84	42.66	22.36	74.51	29.41	32.12	107.69	78.4	32.67	42.21	17.27	104.12	95.83	130.36	98.08	48.9	82.34	25.54	61.99	92.19	125.56	41.03	36.73	115.9	67.71	60.17	98.86	70.07	147.24	97.01	125.98	92.77	94.31	53.61	27.62	55.17	100.02	73.6	116.37	81.89	39.62	14.77	71.28	86.53	78.35	42.86	30.63	35.57	33.78	68.83	83.8	74.9	100.02	132.87	34.06	55.32
3	22.37	53.27	69.84	0.0	75.43	2.55	65.44	82.88	39.72	63.86	52.39	57.02	46.16	45.17	64.53	15.81	40.41	50.09	87.51	11.31	73.5	62.64	43.67	38.49	28.18	67.56	54.2	94.64	61.25	90.65	72.96	81.98	37.78	30.9	54.13	54.52	69.68	48.37	40.96	65.94	59.43	44.47	53.85	41.44	37.15	21.92	27.33	58.27	66.55	68.58	43.65	83.2	74.06	58.87	30.6	60.05	30.99	101.47	79.23	24.11	85.15	47.34	45.91	60.67	55.35	13.05	58.18	89.59	16.36	46.57	86.69	45.73	33.74	80.35	41.19	43.16	52.17	6.27	74.78	77.83	95.8	53.01	116.29	57.66	88.77	54.26	87.96	61.81	67.51	98.87	31.19	34.32	47.54	75.36	90.7	85.58	85.63	40.02	65.44	41.86	76.05	72.32	63.02	66.86	50.9	68.83	40.42	57.66	15.94	51.46	56.59	62.74	64.46	53.06	53.01	37.96	133.54	72.93	83.32	48.91	56.15	39.54	71.92	37.33	72.8	15.47	74.15	37.28	58.62	51.8	65.63	76.31	15.19	40.98	10.97	27.29	45.3	95.29	61.33	5.1	44.65	82.98	30.23	72.27	41.81	22.37
4	86.68	128.61	141.88	75.43	0.0	77.92	133.94	97.03	39.45	51.06	54.46	100.59	42.57	91.38	139.48	90.53	37.72	109.76	12.08	67.55	128.86	138.02	33.66	52.35	100.69	64.92	30.37	117.35	74.46	105.09	145.59	152.27	112.66	106.15	65.73	48.67	145.1	108.84	37.73	97.75	81.57	118.89	45.32	110.48	91.84	96.1	101.34	96.36	138.96	89.03	46.61	23.51	149.49	84.24	92.51	128.45	105.23	111.13	154.18	89.16	159.9	29.07	118.55	58.36	130.78	78.9	97.62	163.74	90.82	62.82	159.22	105.51	99.9	102.28	70.36	99.0	127.26	81.64	124.13	149.27	115.94	120.44	153.12	133.09	112.56	129.59	163.37	128.55	123.6	174.22	49.23	109.71	119.87	109.92	165.52	160.91	90.63	71.34	126.42	103.51	150.64	75.07	73.14	15.3	55.68	142.77	67.12	132.99	89.6	64.48	22.82	119.62	139.66	27.44	92.18	87.8	173.56	141.9	12.8	94.45	35.45	86.2	86.46	92.86	148.2	90.76	127.44	74.74	33.84	77.18	123.09	144.63	70.61	62.44	71.8	101.74	120.57	159.38	136.67	78.68	68.63	119.0	48.35	80.85	108.93	86.68
5	20.99	50.84	67.35	2.55	77.92	0.0	63.78	83.01	41.95	66.09	53.76	56.18	48.59	44.47	62.17	13.28	42.7	48.38	90.0	12.94	71.8	60.12	46.01	40.09	25.77	68.64	56.74	94.28	61.85	90.67	70.45	79.54	35.48	28.52	55.03	56.11	67.18	47.6	43.22	65.56	59.67	41.92	55.56	39.19	36.08	19.88	24.81	57.71	64.05	69.75	45.43	85.45	71.57	58.97	29.13	57.75	28.46	101.56	76.68	22.56	82.6	49.75	43.93	61.92	52.86	12.28	57.56	87.32	14.32	48.45	84.6	44.08	31.81	80.19	41.73	41.83	49.8	3.73	73.39	75.85	95.53	50.79	115.18	55.16	88.43	51.83	85.45	60.33	66.8	96.35	33.24	31.87	45.07	74.7	88.15	83.06	86.09	40.49	63.51	40.14	73.5	73.08	63.71	69.22	52.22	66.61	41.15	55.13	14.15	52.4	59.14	61.06	62.05	55.34	52.52	37.25	132.22	71.2	85.73	49.24	58.63	40.09	72.22	36.19	70.29	12.93	73.56	37.5	60.65	52.11	63.89	73.97	15.9	41.99	12.63	24.75	42.76	93.09	58.89	4.6	45.32	82.16	32.76	73.8	39.69	20.99
6	73.79	34.58	68.73	65.44	133.94	63.78	0.0	139.82	103.86	100.37	117.38	105.22	93.9	96.77	30.04	57.88	104.08	86.17	145.57	76.69	103.67	42.99	106.61	103.87	60.25	131.46	105.9	145.43	122.69	146.12	67.93	81.0	34.63	41.17	117.38	119.89	43.2	27.66	104.82	118.56	118.37	51.37	119.29	68.48	86.54	44.5	55.87	109.71	65.92	74.62	109.08	146.4	44.45	116.67	77.54	75.22	54.05	157.29	57.05	73.07	62.36	109.28	22.07	125.28	38.47	72.03	108.8	37.71	49.75	78.76	28.43	84.35	72.54	134.41	103.01	87.74	30.93	61.1	111.19	17.55	147.72	74.75	153.49	39.86	140.13	34.27	54.17	6.65	27.98	64.14	96.28	41.17	60.71	123.59	65.29	55.13	145.34	101.51	91.47	80.68	58.66	134.53	124.95	128.93	115.77	23.19	103.24	43.32	49.63	114.93	111.76	95.66	33.14	116.39	105.78	90.76	165.05	7.96	144.13	48.31	104.01	51.65	130.78	85.86	46.4	55.48	33.64	97.44	123.52	111.64	96.48	83.19	78.98	104.94	63.9	54.18	44.08	104.27	35.2	60.55	107.02	128.13	85.77	86.35	72.32	73.79
7	66.59	112.12	98.44	82.88	97.03	83.01	139.82	0.0	70.28	125.78	45.11	37.21	105.28	43.17	124.05	83.16	72.38	59.39	104.24	73.62	59.72	113.48	75.08	55.99	79.77	32.15	102.9	20.72	25.18	8.63	102.78	100.58	105.34	98.66	35.04	49.71	120.18	129.92	71.46	22.75	23.59	93.51	53.21	75.19	53.35	97.57	84.04	31.21	97.67	146.89	57.47	82.2	123.99	24.06	62.3	81.38	86.26	18.63	120.05	66.96	122.95	78.77	117.76	38.98	110.81	71.29	32.53	148.6	93.52	119.01	151.33	58.94	68.02	9.7	42.58	53.44	113.93	83.83	49.36	146.11	18.93	75.67	58.8	111.57	17.06	113.01	133.59	138.42	149.11	140.57	67.07	98.88	86.61	26.06	127.82	129.66	11.05	43.41	66.96	61.5	114.88	22.09	25.27	81.79	44.73	132.26	44.43	108.98	94.72	37.49	97.66	57.9	122.02	73.63	34.26	49.1	79.28	145.76	93.11	131.49	109.25	121.75	12.0	54.11	121.14	85.94	156.14	45.61	63.63	31.33	60.1	90.72	67.95	46.35	91.79	85.71	100.18	92.72	117.86	87.57	40.17	31.43	91.22	146.64	71.16	66.59
8	47.4	92.38	102.71	39.72	39.45	41.95	103.86	70.28	0.0	55.58	25.85	63.73	35.41	53.36	103.99	53.25	2.23	70.58	51.07	29.86	90.63	100.79	6.15	15.4	62.13	42.46	32.94	88.45	45.15	78.91	106.52	112.87	77.41	70.34	35.26	23.4	108.07	82.61	1.75	64.03	49.52	80.73	20.7	71.17	52.69	61.6	63.3	60.6	99.87	81.51	12.89	43.51	112.52	51.32	53.06	89.01	67.2	87.63	116.1	49.87	121.62	10.97	85.44	34.03	94.01	40.28	61.6	129.27	56.04	52.09	126.34	66.25	60.5	72.63	33.78	59.96	91.6	45.45	86.99	117.25	88.02	81.0	120.47	96.15	82.93	93.39	126.12	99.49	100.35	136.65	9.87	73.45	80.92	76.2	127.27	123.39	67.72	34.33	87.34	64.12	112.29	51.33	45.11	27.94	25.79	108.54	30.58	95.64	55.4	32.94	29.07	80.95	103.73	13.58	55.78	49.0	140.32	111.61	44.82	74.56	39.04	64.65	58.38	53.67	110.93	54.05	105.84	36.79	20.03	43.18	84.41	105.18	31.72	26.45	40.14	63.91	83.22	120.21	100.38	44.03	33.4	85.32	24.66	78.71	69.51	47.4
9	84.67	107.76	132.19	63.86	51.06	66.09	100.37	125.78	55.58	0.0	81.32	113.56	20.83	101.74	115.66	78.66	53.55	112.66	58.61	63.81	135.64	119.23	51.36	69.98	91.66	97.43	24.84	143.37	100.61	134.42	134.82	144.96	91.35	87.21	90.74	78.03	125.08	72.77	54.52	117.25	104.21	105.51	74.82	105.28	96.93	76.04	89.97	112.14	128.76	39.22	68.46	73.38	128.96	105.55	92.76	123.81	93.16	143.2	137.28	86.85	143.54	48.63	91.87	89.09	111.24	74.66	112.76	135.81	72.57	21.9	128.41	108.13	97.28	127.56	86.48	104.0	105.06	69.15	134.96	117.6	143.19	116.86	172.94	113.82	137.69	108.54	142.78	93.99	82.36	154.12	59.5	91.36	110.4	128.97	148.69	141.45	123.19	86.47	128.75	104.64	135.21	106.72	100.67	57.6	81.36	115.8	83.67	115.06	70.47	88.32	32.63	124.97	116.94	56.07	106.84	95.45	191.95	107.98	63.86	53.35	17.96	48.75	113.83	97.51	128.7	77.22	84.28	87.17	68.19	97.21	128.12	139.93	70.04	80.44	54.08	89.48	103.99	159.15	115.18	63.72	87.31	137.82	37.33	29.86	105.62	84.67
10	48.21	98.69	100.01	52.39	54.46	53.76	117.38	45.11	25.85	81.32	0.0	47.84	61.26	40.99	111.02	60.74	27.8	61.99	63.66	41.1	77.29	104.67	30.12	14.66	64.85	17.03	57.9	64.3	20.55	53.68	104.24	107.71	86.28	78.86	11.28	6.11	112.09	100.19	26.8	43.34	27.12	83.3	9.17	68.99	45.34	72.95	67.62	42.77	97.79	106.31	13.06	46.11	116.48	29.82	50.07	84.01	71.21	61.94	117.28	50.15	122.02	33.67	96.69	8.83	99.19	46.04	44.2	136.91	67.63	77.2	136.12	58.5	58.25	48.7	20.11	51.23	98.95	56.28	71.1	128.31	63.45	76.12	98.82	100.89	59.1	99.7	129.05	114.09	118.99	138.57	25.61	80.92	80.53	55.47	127.59	125.75	41.89	21.66	77.38	57.98	112.76	25.48	19.88	39.32	1.93	117.24	17.68	99.5	67.83	10.18	52.56	69.33	110.02	28.89	39.28	40.08	119.19	124.62	53.81	96.0	64.36	85.92	33.48	46.49	114.32	62.64	125.2	26.41	20.87	23.25	72.73	98.78	38.44	13.81	57.55	68.81	87.76	109.92	106.18	57.46	16.69	64.54	49.17	104.27	66.09	48.21
11	35.92	75.62	61.89	57.02	100.59	56.18	105.22	37.21	63.73	113.56	47.84	0.0	92.95	12.08	87.29	51.83	65.92	22.2	110.75	51.41	29.66	76.36	69.81	48.79	45.17	47.88	95.06	40.35	33.65	41.85	66.27	65.68	70.62	64.6	37.78	53.94	83.0	99.27	65.41	14.46	24.83	56.82	56.69	38.37	20.49	65.92	49.66	6.71	60.85	125.44	54.03	93.89	86.79	21.46	29.12	44.7	51.18	52.81	83.08	35.25	86.25	74.55	83.29	48.49	74.01	43.99	5.06	111.51	63.0	100.97	114.64	21.91	32.71	29.88	30.31	17.49	77.71	55.63	23.54	109.99	42.5	38.56	59.9	74.63	34.92	76.46	96.52	104.61	117.98	103.84	55.97	64.08	49.51	18.99	91.29	92.63	45.86	29.51	32.36	24.91	77.93	43.36	36.39	86.06	46.19	95.74	33.58	71.95	64.69	37.86	92.59	23.32	85.13	73.32	8.56	19.13	78.42	110.58	101.44	105.1	100.06	96.23	32.49	20.71	83.93	54.75	125.3	27.12	68.27	24.89	26.37	55.94	44.86	38.19	67.66	51.38	63.73	63.13	80.98	60.67	32.04	25.97	76.26	128.08	34.31	35.92
12	65.5	94.93	115.86	46.16	42.57	48.59	93.9	105.28	35.41	20.83	61.26	92.95	0.0	81.23	104.26	61.74	33.52	93.19	53.12	44.2	115.84	105.77	31.91	49.34	74.34	77.76	12.39	122.61	80.11	113.9	118.84	128.13	78.34	73.1	70.28	58.47	112.2	67.54	34.54	96.42	83.46	89.85	55.43	87.3	76.9	62.01	73.29	91.38	112.53	49.23	48.26	61.34	116.34	84.75	73.38	106.02	76.78	122.91	123.38	67.8	129.52	30.1	81.39	69.35	97.94	55.61	92.02	126.62	57.65	20.7	120.66	88.64	78.55	106.82	65.65	84.09	92.75	52.02	114.68	110.22	122.49	98.72	152.17	100.46	116.92	95.81	130.36	88.07	81.26	141.62	38.7	77.14	93.65	108.15	134.9	128.57	103.12	65.64	109.59	85.34	120.76	86.74	80.29	43.76	61.16	105.89	62.84	101.2	55.82	67.79	19.88	105.28	105.07	38.33	86.1	75.1	171.28	101.83	54.62	51.94	10.59	44.09	93.3	77.54	115.66	60.78	84.91	66.4	50.31	76.41	108.51	122.37	50.15	59.67	37.88	73.05	89.41	140.78	102.75	47.13	66.52	117.03	17.12	44.2	87.21	65.5
13	24.85	69.33	61.34	45.17	91.38	44.47	96.77	43.17	53.36	101.74	40.99	12.08	81.23	0.0	81.46	41.29	55.49	21.49	102.03	39.33	37.49	71.82	59.5	39.05	36.61	45.14	83.85	50.46	31.74	49.38	65.71	67.5	62.21	55.66	32.62	46.88	78.87	88.79	55.08	22.11	24.28	51.05	49.17	33.28	10.23	55.64	40.92	13.55	59.65	113.45	44.86	86.85	82.94	21.58	19.27	44.47	43.09	60.55	80.97	24.62	84.88	64.31	74.7	43.66	68.34	32.2	13.16	106.56	52.26	88.9	108.58	18.79	24.97	37.81	21.45	11.7	70.94	44.16	33.86	103.02	52.13	37.09	71.97	69.34	44.73	70.25	93.9	95.61	107.73	102.21	45.01	55.73	45.2	30.24	90.22	90.2	49.84	20.23	36.4	19.84	76.03	43.19	34.55	77.35	39.15	89.41	24.55	67.03	53.8	31.86	81.83	28.57	79.62	63.94	9.02	7.22	90.35	102.61	93.33	93.59	88.63	84.56	35.35	10.94	80.3	44.18	114.97	16.67	60.33	20.57	32.03	58.24	32.78	29.28	55.71	42.6	57.39	69.07	75.48	49.0	24.32	37.87	64.42	116.01	29.47	24.85
14	63.12	12.4	39.89	64.53	139.48	62.17	30.04	124.05	103.99	115.66	111.02	87.29	104.26	81.46	0.0	51.18	104.83	65.86	151.53	74.25	79.15	13.9	108.18	99.56	46.68	122.39	114.97	125.95	111.27	129.14	38.5	51.41	26.83	33.66	108.16	114.85	13.21	49.09	105.33	101.56	105.22	30.53	115.13	48.93	71.8	43.4	43.46	92.87	37.5	97.65	105.68	147.48	15.17	102.86	63.71	49.64	40.06	140.06	27.28	61.49	32.96	111.84	23.96	117.7	13.28	65.56	91.64	25.9	48.68	93.88	27.37	65.38	56.62	117.17	93.37	70.62	12.39	58.57	88.04	24.53	128.7	51.44	128.48	13.01	121.17	11.41	27.65	34.64	56.86	38.86	94.87	30.65	38.17	104.1	36.63	27.27	131.3	91.72	66.9	62.56	28.62	123.26	113.86	131.39	109.19	9.24	94.53	16.26	49.9	106.11	119.14	72.83	3.19	117.47	90.0	76.93	138.22	30.29	147.82	69.41	114.84	68.84	116.8	70.85	16.6	50.02	63.21	87.04	121.94	99.65	72.87	54.64	74.0	97.42	67.99	42.22	24.13	75.06	6.66	60.85	97.55	107.04	91.92	108.05	52.99	63.12
15	16.62	39.26	54.12	15.81	90.53	13.28	57.88	83.16	53.25	78.66	60.74	51.83	61.74	41.29	51.18	0.0	54.29	39.39	102.58	23.4	62.46	47.64	57.89	48.52	13.1	73.83	70.02	91.69	64.82	90.12	57.18	66.48	25.56	18.14	59.65	64.1	54.86	47.53	54.69	63.36	60.87	28.7	64.15	27.25	31.43	14.43	11.55	54.82	50.81	78.29	54.54	96.57	59.3	59.44	22.74	45.31	15.17	101.25	63.71	16.68	69.55	61.92	36.34	68.11	40.75	14.7	54.28	76.88	11.24	59.94	75.43	35.57	22.16	78.87	45.15	35.35	38.84	9.73	65.63	67.62	93.42	38.84	108.5	42.91	86.0	40.27	73.01	55.67	66.45	83.73	43.86	20.55	31.92	70.81	75.13	70.43	87.85	43.64	52.97	31.39	60.38	76.65	67.06	81.03	58.99	56.7	45.53	42.54	13.13	57.28	72.29	51.92	50.67	66.82	50.15	34.46	124.4	64.65	97.75	54.56	71.86	46.75	73.42	31.12	57.81	2.92	73.68	39.57	70.77	53.9	54.39	61.29	22.87	47.62	24.58	11.48	30.1	81.01	47.2	14.94	49.2	77.29	46.04	83.8	28.53	16.62
16	48.99	93.32	104.27	40.41	37.72	42.7	104.08	72.38	2.23	53.55	27.8	65.92	33.52	55.49	104.83	54.29	0.0	72.53	49.44	30.89	92.72	101.89	4.12	17.64	63.47	44.26	30.74	90.63	47.27	81.01	108.04	114.55	78.17	71.17	37.38	25.06	109.15	82.4	1.07	66.26	51.72	82.0	22.21	72.79	54.66	62.21	64.52	62.82	101.4	80.08	14.93	42.82	113.59	53.54	54.82	90.73	68.42	89.65	117.38	51.47	122.94	8.94	85.94	35.84	95.03	41.61	63.81	130.0	56.67	50.6	126.89	68.18	62.18	74.81	36.0	61.95	92.45	46.26	89.16	117.69	90.18	82.73	122.7	97.2	85.11	94.32	127.25	99.6	99.96	137.84	11.51	74.35	82.4	78.43	128.58	124.56	69.68	36.53	89.3	65.98	113.62	53.25	47.18	26.75	27.81	109.22	32.8	96.76	55.94	35.09	26.85	82.99	104.63	12.65	57.99	51.04	142.55	111.86	43.54	73.81	36.9	63.97	60.49	55.62	112.05	54.99	105.34	38.95	20.43	45.4	86.44	106.94	33.12	28.69	40.23	65.09	84.33	122.15	101.33	44.57	35.63	87.55	23.52	77.03	71.21	48.99
17	28.07	54.64	40.32	50.09	109.76	48.38	86.17	59.39	70.58	112.66	61.99	22.2	93.19	21.49	65.86	39.39	72.53	0.0	120.94	48.99	23.42	54.4	76.65	57.84	28.73	66.52	98.07	60.16	52.83	63.67	44.72	46.01	52.21	47.32	54.1	67.71	60.9	84.34	72.33	36.64	44.73	35.81	69.73	17.71	17.92	51.61	33.05	28.54	38.97	117.42	64.14	107.34	64.63	41.64	19.9	23.21	33.28	74.42	61.0	26.05	64.4	81.47	64.79	65.12	52.61	38.08	27.04	89.57	50.26	96.62	93.21	4.55	17.23	51.73	41.98	10.92	57.12	46.43	26.57	89.23	62.85	16.44	69.8	53.01	55.31	55.41	74.37	86.4	102.11	81.93	61.22	45.82	27.74	38.26	69.57	70.5	67.95	40.53	16.81	8.24	55.89	63.81	55.65	96.5	60.11	74.58	44.79	50.16	52.35	53.23	97.46	12.69	63.54	82.5	27.39	22.33	85.05	90.84	112.95	93.84	101.89	86.13	54.19	16.92	61.76	42.11	109.55	36.14	80.42	41.98	15.56	36.83	43.13	49.38	60.99	34.68	43.02	49.63	59.41	52.15	45.33	41.99	76.08	122.14	13.86	28.07
18	98.44	140.69	153.71	87.51	12.08	90.0	145.57	104.24	51.07	58.61	63.66	110.75	53.12	102.03	151.53	102.58	49.44	120.94	0.0	79.55	139.45	150.09	45.44	63.21	112.65	72.16	40.73	124.84	82.95	111.99	157.45	163.93	124.72	118.23	74.78	57.65	157.18	120.12	49.38	106.94	90.57	130.91	54.51	122.23	103.03	108.14	113.36	106.19	150.81	97.52	57.17	24.22	161.57	93.42	104.07	140.05	117.25	117.13	166.22	100.91	171.92	40.96	130.49	66.42	142.85	90.83	107.53	175.72	102.87	72.75	171.08	116.75	111.57	110.22	80.77	110.11	139.32	93.72	134.26	161.07	123.16	132.03	161.48	145.16	120.33	141.66	175.44	140.08	134.38	186.28	60.92	121.79	131.76	118.97	177.54	172.98	96.95	81.85	137.49	114.9	162.65	82.15	81.35	24.71	65.07	154.75	77.56	145.06	101.65	73.82	33.91	130.45	151.72	38.44	102.26	98.81	182.02	153.53	11.57	105.02	44.87	97.12	94.29	104.07	160.27	102.84	137.94	85.49	42.79	86.78	133.93	156.15	82.48	72.84	83.78	113.77	132.64	170.47	148.74	90.75	78.72	127.95	60.2	88.39	120.57	98.44
19	21.41	62.54	74.9	11.31	67.55	12.94	76.69	73.62	29.86	63.81	41.1	51.41	44.2	39.33	74.25	23.4	30.89	48.99	79.55	0.0	71.83	71.0	34.54	27.2	33.23	56.5	49.95	86.83	50.98	81.67	78.42	86.14	47.86	40.66	43.34	43.23	78.26	59.34	31.28	58.42	50.04	51.36	42.62	44.35	33.26	32.75	33.81	51.5	71.83	74.71	32.49	73.26	82.7	49.88	29.17	63.01	37.71	92.26	86.7	23.8	92.37	38.69	56.82	49.45	64.15	11.91	51.7	99.7	27.23	49.58	97.35	44.45	34.75	71.96	31.22	40.22	61.85	16.04	71.47	88.73	87.67	55.35	111.3	66.31	80.94	63.55	96.37	73.12	78.36	107.0	20.64	43.64	52.63	68.8	98.0	93.71	75.58	30.26	65.4	41.14	83.09	61.68	52.56	57.64	39.64	79.14	30.02	65.88	27.08	40.63	50.77	61.19	73.91	43.42	46.1	32.46	129.44	84.13	74.39	57.95	53.18	48.13	62.28	33.77	81.16	24.24	84.84	28.32	47.93	42.3	64.38	79.46	6.55	30.08	18.18	34.28	53.44	96.94	70.53	16.36	34.34	76.98	27.12	76.7	43.68	21.41
20	51.35	69.8	43.69	73.5	128.86	71.8	103.67	59.72	90.63	135.64	77.29	29.66	115.84	37.49	79.15	62.46	92.72	23.42	139.45	71.83	0.0	65.86	96.77	76.54	50.88	77.16	119.95	52.32	62.92	60.85	47.52	42.09	71.6	67.96	67.43	83.36	70.82	105.6	92.36	39.81	54.01	52.37	85.96	37.51	39.06	73.81	54.85	35.66	44.27	140.69	82.32	123.39	73.61	50.62	43.1	29.54	54.2	69.93	66.12	49.42	67.45	101.6	83.6	78.14	66.7	61.31	34.01	99.59	73.05	120.0	105.51	27.78	40.42	50.27	58.7	31.77	73.04	69.82	10.9	103.59	55.79	28.96	49.82	66.27	49.23	70.36	79.83	104.94	122.51	84.67	81.86	65.68	42.97	33.83	71.55	75.73	70.21	57.61	12.29	31.66	60.96	71.58	65.58	114.75	75.57	88.35	61.89	62.9	75.21	67.43	118.64	10.76	76.32	101.43	38.12	41.79	62.83	107.2	130.53	116.55	124.17	109.17	59.18	38.34	70.46	65.07	129.96	54.15	97.39	54.53	8.09	32.47	65.7	66.62	84.41	56.35	59.6	33.92	72.49	75.55	61.05	31.98	98.73	145.55	34.73	51.35
21	56.5	11.93	26.05	62.64	138.02	60.12	42.99	113.48	100.79	119.23	104.67	76.36	105.77	71.82	13.9	47.64	101.89	54.4	150.09	71.0	65.86	0.0	105.52	94.43	39.91	114.64	115.62	113.99	102.69	118.06	24.94	38.01	27.89	32.7	100.6	109.03	7.42	58.03	102.26	90.79	95.99	21.44	109.7	38.57	62.74	43.77	37.76	82.3	23.6	105.38	100.81	143.86	11.85	93.4	55.47	36.32	33.92	128.82	18.19	54.52	24.48	109.55	31.15	110.69	8.0	60.89	80.95	35.17	48.28	97.92	39.7	54.55	47.71	106.11	85.98	60.47	15.5	56.39	75.11	38.29	116.88	39.03	114.9	5.42	109.43	11.4	25.37	46.8	68.5	36.25	91.23	28.75	26.88	92.32	29.47	22.98	121.35	84.31	53.7	52.24	17.34	114.55	105.38	128.64	102.78	23.05	87.53	5.2	49.99	98.78	118.91	60.18	10.79	114.37	79.94	68.11	124.35	44.03	145.38	77.05	116.32	74.81	107.05	61.7	10.18	47.25	75.25	79.48	117.53	91.05	59.93	40.77	69.56	90.88	68.21	36.96	17.57	61.4	7.8	59.84	90.12	94.65	91.89	114.92	42.5	56.5
22	53.02	96.77	108.27	43.67	33.66	46.01	106.61	75.08	6.15	51.36	30.12	69.81	31.91	59.5	108.18	57.89	4.12	76.65	45.44	34.54	96.77	105.52	0.0	21.26	67.33	46.08	27.82	93.67	50.09	83.69	112.01	118.62	81.45	74.53	40.23	26.69	112.75	84.32	4.42	69.78	54.96	85.79	23.56	76.83	58.78	65.32	68.27	66.58	105.38	79.58	17.73	39.88	117.18	56.9	58.92	94.82	72.18	92.06	121.16	55.51	126.76	4.83	88.89	37.73	98.57	45.48	67.61	133.21	59.81	50.06	129.86	72.3	66.24	77.87	39.76	66.06	95.81	49.63	93.11	120.53	93.1	86.82	126.22	100.78	88.22	97.77	130.89	101.97	101.54	141.54	15.61	77.79	86.34	81.99	132.4	128.25	71.89	40.36	93.42	70.1	117.45	55.39	49.82	23.21	30.36	112.38	36.54	100.41	58.98	38.07	23.26	87.08	108.04	9.79	61.82	55.13	146.16	114.44	39.86	74.8	34.24	65.1	63.27	59.74	115.69	58.48	106.73	42.92	19.59	48.86	90.54	111.04	37.05	32.3	42.72	68.8	87.97	126.27	104.8	47.65	39.19	91.13	24.05	75.9	75.28	53.02
23	38.39	87.42	92.88	38.49	52.35	40.09	103.87	55.99	15.4	69.98	14.66	48.79	49.34	39.05	99.56	48.52	17.64	57.84	63.21	27.2	76.54	94.43	21.26	0.0	54.61	31.41	48.19	73.47	30.86	64.6	96.91	101.97	73.97	66.58	21.16	16.03	101.84	85.79	16.96	48.62	34.36	73.43	15.65	61.21	40.01	59.72	56.75	45.35	90.31	92.41	6.57	50.6	106.29	36.0	42.28	77.98	60.54	73.87	108.34	40.65	113.48	25.88	83.7	23.45	88.36	34.0	46.4	125.35	54.26	63.65	123.8	53.75	50.29	57.64	18.56	46.96	87.28	42.92	72.24	115.54	73.22	69.93	105.06	90.26	67.86	88.44	119.38	100.3	104.49	129.4	11.41	69.03	72.01	60.8	119.11	116.31	54.66	19.28	74.3	52.22	104.12	38.8	31.29	38.67	13.63	105.21	15.31	89.23	54.24	18.56	44.45	67.29	98.83	24.91	40.66	35.62	124.93	111.27	55.16	81.35	54.08	71.28	44.0	41.08	104.36	50.08	110.64	22.39	23.53	27.81	70.77	93.68	25.66	11.05	42.99	57.73	77.09	107.29	95.17	43.5	18.0	69.92	35.6	91.07	58.92	38.39
24	16.64	34.28	41.91	28.18	100.69	25.77	60.25	79.77	62.13	91.66	64.85	45.17	74.34	36.61	46.68	13.1	63.47	28.73	112.65	33.23	50.88	39.91	67.33	54.61	0.0	75.71	82.03	85.51	64.79	85.9	45.27	53.81	25.63	19.43	61.48	69.12	47.33	55.65	63.7	58.31	59.26	18.84	69.8	14.33	26.42	22.98	4.51	49.47	38.73	90.6	61.05	104.52	51.76	57.2	17.6	32.22	6.7	97.05	54.06	14.84	59.5	71.7	38.21	71.17	34.39	21.86	48.58	72.5	22.4	73.03	73.04	25.65	12.56	74.16	46.71	27.71	35.19	22.53	55.29	66.75	87.65	25.83	98.53	36.04	80.08	35.27	64.77	59.44	73.67	74.9	52.33	19.12	19.54	63.87	65.15	61.74	85.92	45.05	40.63	21.56	50.16	76.8	67.33	90.06	62.98	53.82	47.97	34.72	24.63	59.47	83.69	40.7	45.4	75.62	45.59	31.02	113.47	65.99	106.94	65.7	84.28	58.64	71.32	25.68	49.76	15.07	81.09	40.36	77.88	53.24	42.8	48.27	30.42	51.1	37.62	6.23	22.94	67.92	41.46	27.98	50.88	69.29	58.19	96.59	16.21	16.64
25	59.4	109.99	106.44	67.56	64.92	68.64	131.46	32.15	42.46	97.43	17.03	47.88	77.76	45.14	122.39	73.83	44.26	66.52	72.16	56.5	77.16	114.64	46.08	31.41	75.71	0.0	73.4	52.67	14.25	40.18	110.81	112.37	99.02	91.67	14.27	19.4	121.95	115.84	43.23	38.57	23.15	93.24	22.68	77.07	52.42	87.0	79.07	41.54	104.66	123.33	29.94	50.74	126.23	26.54	59.17	89.61	82.34	46.92	125.51	60.9	129.72	49.01	110.17	8.43	109.93	59.44	43.21	148.19	81.92	94.17	148.42	63.9	67.02	38.28	29.06	56.68	110.71	70.75	69.08	141.25	51.08	82.19	89.73	111.37	48.23	110.98	138.03	128.61	134.84	146.85	42.59	93.22	89.01	49.35	135.14	134.48	26.35	30.69	79.91	64.47	120.7	10.16	11.58	49.74	17.79	129.28	28.31	109.58	82.39	16.56	67.32	71.07	121.06	42.74	40.04	46.92	110.31	138.43	61.15	112.66	80.07	102.59	22.42	53.54	123.82	76.06	141.23	35.35	31.89	24.57	74.22	102.9	52.82	26.66	73.72	80.45	98.51	110.93	117.07	72.66	24.89	57.73	66.18	121.12	73.63	59.4
26	71.28	105.14	123.91	54.2	30.37	56.74	105.9	102.9	32.94	24.84	57.9	95.06	12.39	83.85	114.97	70.02	30.74	98.07	40.73	49.95	119.95	115.62	27.82	48.19	82.03	73.4	0.0	121.37	77.89	111.51	127.13	135.7	88.64	82.95	68.02	54.06	122.28	79.78	31.59	96.69	82.45	98.6	50.72	94.17	80.93	72.08	81.52	92.64	120.68	59.62	45.5	50.32	126.51	84.19	78.68	112.89	85.19	119.78	132.89	73.7	138.94	24.4	92.57	65.19	107.92	61.82	93.49	137.93	67.35	32.46	132.33	93.54	84.69	105.55	66.03	88.28	103.2	60.36	117.69	122.0	120.87	105.28	153.05	110.39	115.86	106.06	140.54	100.16	93.65	151.72	39.14	86.88	101.56	108.77	144.41	138.55	99.49	66.34	114.78	90.59	129.99	82.98	77.64	33.44	58.18	117.08	62.96	110.89	65.7	65.8	8.32	109.65	115.6	31.36	87.58	78.37	172.68	113.84	42.68	64.3	6.89	56.46	91.09	81.71	125.65	69.45	97.25	67.97	43.43	75.98	113.0	129.33	55.13	59.14	47.43	81.49	98.82	146.78	113.08	56.04	66.12	117.83	23.99	52.87	93.62	71.28
27	75.32	114.8	95.07	94.64	117.35	94.28	145.43	20.72	88.45	143.37	64.3	40.35	122.61	50.46	125.95	91.69	90.63	60.16	124.84	86.83	52.32	113.99	93.67	73.47	85.51	52.67	121.37	0.0	43.77	14.39	99.16	94.39	110.89	104.94	53.49	69.38	120.02	139.22	89.78	28.72	39.16	95.96	72.88	77.64	60.3	105.98	90.0	36.91	95.03	161.42	75.93	102.91	123.38	38.02	69.22	78.97	91.44	18.75	117.44	75.02	119.35	97.66	123.56	59.04	112.73	82.05	37.41	148.98	102.72	134.66	153.25	61.27	73.02	15.83	57.51	57.81	117.2	94.36	41.45	149.38	3.73	74.97	38.54	113.03	5.9	115.57	131.21	144.95	158.09	136.76	83.93	104.34	87.78	21.94	123.68	127.14	30.07	57.87	62.4	64.79	112.22	42.74	44.56	102.07	63.64	134.74	60.02	110.05	104.26	55.6	116.66	54.35	123.54	93.16	41.86	57.51	58.84	150.58	113.76	143.51	127.46	134.17	30.98	60.71	120.34	94.6	165.36	58.67	83.72	46.34	55.46	84.79	80.6	62.95	104.55	91.72	103.11	82.09	119.44	98.88	56.15	20.34	107.54	162.32	73.62	75.32
28	49.19	98.91	93.01	61.25	74.46	61.85	122.69	25.18	45.15	100.61	20.55	33.65	80.11	31.74	111.27	64.82	47.27	52.83	82.95	50.98	62.92	102.69	50.09	30.86	64.79	14.25	77.89	43.77	0.0	33.81	97.39	98.47	89.22	82.02	9.89	25.89	109.9	109.45	46.36	24.87	8.92	81.46	29.34	64.52	39.97	78.72	68.52	27.29	91.38	122.51	32.39	63.1	114.09	12.31	47.56	76.02	71.49	43.06	112.65	50.32	116.62	53.95	100.95	16.7	98.49	51.21	28.96	136.86	74.03	94.22	137.84	50.5	55.0	28.15	20.13	43.43	99.98	63.36	55.01	131.27	43.03	68.79	78.67	99.75	38.54	99.88	125.44	120.4	128.66	133.92	42.06	83.11	76.51	36.34	121.96	121.8	24.69	21.45	65.76	51.46	107.73	12.01	2.82	59.19	19.88	118.61	20.96	97.73	74.84	12.32	72.94	56.88	109.73	49.44	25.93	34.57	99.15	129.31	72.46	108.76	84.16	98.82	13.23	41.03	111.55	67.32	135.39	25.25	40.62	11.65	60.0	88.91	46.07	21.81	69.04	70.02	87.19	96.68	105.66	66.22	16.64	45.14	66.29	121.77	60.89	49.19
29	73.5	117.43	101.53	90.65	105.09	90.67	146.12	8.63	78.91	134.42	53.68	41.85	113.9	49.38	129.14	90.12	81.01	63.67	111.99	81.67	60.85	118.06	83.69	64.6	85.9	40.18	111.51	14.39	33.81	0.0	105.79	102.56	111.52	105.04	43.67	58.17	124.54	137.21	80.09	27.71	31.76	98.66	61.67	80.22	59.61	104.55	90.26	36.55	101.03	155.27	66.09	89.53	128.21	31.83	68.65	84.72	92.25	11.17	123.52	73.69	126.05	87.34	124.06	47.33	115.86	78.77	37.63	153.23	100.7	127.51	156.49	63.76	73.82	11.97	50.83	58.87	119.43	91.31	50.09	151.7	11.64	79.6	52.9	116.46	13.0	118.28	137.19	144.98	156.36	143.64	75.65	105.01	91.28	27.24	130.73	133.19	15.82	51.57	69.33	66.67	118.31	30.02	33.87	89.91	53.33	137.56	52.8	113.73	101.99	46.11	106.21	60.54	126.97	82.1	40.36	55.75	73.09	151.83	100.74	139.41	117.87	129.74	20.61	60.27	125.28	92.94	163.45	53.48	71.9	39.49	62.35	92.75	75.86	54.88	99.8	91.95	105.52	92.74	122.82	95.25	48.58	30.15	99.78	155.16	76.15	73.5
30	59.16	34.86	4.4	72.96	145.59	70.45	67.93	102.78	106.52	134.82	104.24	66.27	118.84	65.71	38.5	57.18	108.04	44.72	157.45	78.42	47.52	24.94	112.01	96.91	45.27	110.81	127.13	99.16	97.39	105.79	0.0	13.12	46.86	48.57	97.73	109.47	26.63	80.83	108.16	80.34	89.44	29.32	110.9	35.7	59.04	59.31	45.64	72.88	6.64	126.19	103.48	147.51	28.05	86.36	54.7	21.59	42.07	115.81	18.66	56.72	20.27	116.52	54.07	108.6	30.47	66.76	71.29	53.53	62.28	114.62	61.26	46.92	46.63	94.23	84.26	54.13	38.82	66.9	58.03	62.08	102.44	28.62	93.84	28.52	95.41	34.77	32.32	71.56	92.91	37.86	96.64	44.49	25.78	78.73	25.05	28.22	112.05	82.65	36.77	46.52	13.62	108.52	100.21	134.23	102.31	47.27	86.57	25.32	64.43	96.49	128.96	45.26	35.31	119.76	72.11	64.46	101.3	68.79	151.12	98.27	129.03	94.43	98.7	57.88	24.96	58.07	99.83	77.84	120.42	86.25	43.75	17.12	74.98	90.72	81.17	45.8	32.1	36.56	32.74	71.73	88.08	78.94	103.19	134.65	38.21	59.16
31	65.67	47.9	13.56	81.98	152.27	79.54	81.0	100.58	112.87	144.96	107.71	65.68	128.13	67.5	51.41	66.48	114.55	46.01	163.93	86.14	42.09	38.01	118.62	101.97	53.81	112.37	135.7	94.39	98.47	102.56	13.12	0.0	59.14	60.11	100.11	113.27	39.1	93.61	114.57	78.92	90.03	40.3	115.05	41.91	62.53	70.43	55.03	72.39	17.05	138.26	108.48	152.34	39.87	86.77	59.93	23.99	51.81	111.95	28.59	63.18	27.56	123.27	66.98	111.13	43.53	74.25	70.72	64.31	72.86	125.32	72.94	49.22	52.38	91.5	87.61	56.53	51.87	76.17	52.98	74.57	97.88	32.05	84.6	41.62	91.27	47.85	41.02	84.67	106.0	43.56	103.05	56.15	34.58	75.34	30.55	37.07	110.52	86.08	33.7	49.94	24.45	108.93	101.28	140.13	105.8	60.0	90.22	38.39	75.08	99.2	136.9	42.86	48.22	125.75	72.59	67.65	90.31	81.68	156.91	110.57	138.08	106.27	98.0	61.38	36.94	67.76	112.94	81.45	125.23	87.92	40.49	9.86	81.98	94.65	90.95	55.49	44.19	23.95	45.8	81.35	91.14	74.06	111.96	146.33	43.36	65.67
32	40.03	16.59	45.58	37.78	112.66	35.48	34.63	105.34	77.41	91.35	86.28	70.62	78.34	62.21	26.83	25.56	78.17	52.21	124.72	47.86	71.6	27.89	81.45	73.97	25.63	99.02	88.64	110.89	89.22	111.52	46.86	59.14	0.0	7.42	84.77	89.64	33.92	35.38	78.7	83.93	84.33	20.49	89.62	34.77	51.99	16.65	21.3	75.09	42.12	79.35	79.86	120.92	38.01	82.46	43.05	45.56	19.45	122.68	46.0	39.01	52.28	85.05	12.68	93.56	19.9	40.25	74.17	51.87	21.85	70.05	49.88	50.04	37.92	99.79	70.08	53.13	14.63	31.96	78.04	42.23	113.13	42.92	121.02	22.48	105.54	17.47	52.02	34.23	50.99	63.29	68.49	6.55	29.58	89.09	57.36	50.32	111.19	68.5	59.82	46.24	44.32	101.18	91.61	104.64	84.53	31.3	70.74	23.92	23.14	82.49	92.51	62.64	27.07	90.82	71.21	56.37	134.18	40.44	121.02	51.45	88.92	47.79	96.6	51.28	37.46	23.89	58.42	64.13	95.76	77.89	63.93	57.73	48.3	73.07	41.36	19.63	14.97	79.4	24.45	34.03	74.2	93.95	65.3	88.07	38.38	40.03
33	32.86	22.47	46.65	30.9	106.15	28.52	41.17	98.66	70.34	87.21	78.86	64.6	73.1	55.66	33.66	18.14	71.17	47.32	118.23	40.66	67.96	32.7	74.53	66.58	19.43	91.67	82.95	104.94	82.02	105.04	48.57	60.11	7.42	0.0	77.43	82.23	39.35	37.68	71.67	77.57	77.33	19.91	82.23	30.51	45.43	11.2	14.94	68.76	43.14	78.33	72.52	113.84	43.63	75.55	36.41	43.83	14.04	116.21	50.34	31.98	56.53	78.24	19.12	86.15	24.97	32.83	67.92	59.05	15.62	66.4	57.29	44.72	31.97	93.4	62.77	47.14	21.28	24.91	73.62	49.6	107.06	39.99	116.82	27.44	99.5	23.44	57.64	40.04	54.83	68.78	61.3	4.16	27.82	83.29	61.84	55.6	104.25	61.19	56.6	40.74	48.02	93.97	84.39	97.74	77.11	38.63	63.37	28.11	17.29	75.13	86.44	58.46	33.56	83.81	64.68	49.59	130.77	47.38	114.23	51.22	83.63	46.2	89.68	44.79	42.69	16.55	62.28	56.88	88.5	70.77	60.07	57.48	40.92	65.66	35.53	13.22	16.82	78.87	30.52	27.5	66.88	88.57	59.31	86.23	33.75	32.86
34	45.13	95.76	93.41	54.13	65.73	55.03	117.38	35.04	35.26	90.74	11.28	37.78	70.28	32.62	108.16	59.65	37.38	54.1	74.78	43.34	67.43	100.6	40.23	21.16	61.48	14.27	68.02	53.49	9.89	43.67	97.73	100.11	84.77	77.43	0.0	17.15	107.94	102.51	36.48	32.15	15.85	79.17	20.41	63.38	38.86	72.99	64.81	32.24	91.46	113.28	22.52	56.32	112.24	18.63	45.15	76.85	68.1	52.73	111.91	46.66	116.29	44.16	96.0	11.04	95.76	45.37	33.76	133.98	68.0	84.74	134.15	51.07	53.11	37.76	14.79	43.76	96.45	56.95	60.63	127.0	52.86	69.21	87.55	97.24	48.15	96.75	124.24	114.67	121.62	133.26	32.48	78.95	75.26	44.23	121.76	120.75	33.63	16.44	68.59	51.22	107.17	18.44	10.14	50.56	10.27	115.01	14.14	95.51	68.57	2.77	63.17	60.15	106.86	40.0	29.33	33.37	107.91	124.29	64.72	100.56	74.28	90.55	23.11	40.0	109.88	61.93	128.17	21.16	32.04	12.9	63.46	90.86	39.14	13.3	61.08	66.18	84.33	100.62	102.89	59.2	10.62	53.28	56.72	112.22	60.08	45.13
35	52.54	102.6	105.28	54.52	48.67	56.11	119.89	49.71	23.4	78.03	6.11	53.94	58.47	46.88	114.85	64.1	25.06	67.71	57.65	43.23	83.36	109.03	26.69	16.03	69.12	19.4	54.06	69.38	25.89	58.17	109.47	113.27	89.64	82.23	17.15	0.0	116.45	101.58	24.01	49.29	32.97	87.76	3.5	74.03	50.78	75.68	71.65	48.88	102.97	104.82	11.84	40.06	120.86	35.77	55.01	89.48	75.33	65.86	122.09	54.6	126.95	29.66	99.62	11.13	103.3	49.44	50.31	140.72	70.25	75.45	139.51	64.12	63.2	53.95	25.73	56.89	102.67	58.9	77.21	131.41	68.33	81.54	104.47	105.08	64.32	103.62	133.64	116.33	120.14	143.33	25.5	84.5	85.4	61.37	132.55	130.42	45.46	27.21	83.27	63.42	117.65	28.95	24.82	33.45	7.79	120.78	23.05	103.83	70.26	16.26	48.2	75.31	113.99	23.93	45.38	45.63	124.9	127.28	47.72	96.13	60.7	86.07	38.41	51.93	118.79	65.81	126.14	31.83	14.9	29.35	78.72	104.44	41.39	18.75	58.64	72.75	91.92	115.89	110.22	59.52	22.57	70.4	47.73	102.09	71.27	52.54
36	63.92	17.35	28.82	69.68	145.1	67.18	43.2	120.18	108.07	125.08	112.09	83.0	112.2	78.87	13.21	54.86	109.15	60.9	157.18	78.26	70.82	7.42	112.75	101.84	47.33	121.95	122.28	120.02	109.9	124.54	26.63	39.1	33.92	39.35	107.94	116.45	0.0	61.37	109.53	97.45	103.09	28.82	117.12	45.58	69.93	50.24	45.14	89.05	27.09	109.5	108.22	151.2	4.45	100.45	62.79	41.53	41.32	135.21	14.18	61.94	20.11	116.73	35.06	118.06	14.39	68.25	87.67	28.99	54.97	103.57	35.03	61.31	54.97	112.62	93.34	67.43	20.13	63.46	80.47	35.49	122.99	45.12	119.19	12.02	115.6	16.54	18.31	47.84	70.03	29.45	98.55	35.53	33.73	98.5	24.36	16.4	128.24	91.67	58.88	59.18	15.51	121.73	112.6	135.89	110.2	21.02	94.92	12.62	56.58	106.14	125.76	65.88	10.28	121.65	86.86	75.33	127.68	42.88	152.61	81.15	122.77	79.66	114.01	68.88	3.73	54.37	76.42	86.84	124.91	98.26	65.36	43.49	76.92	98.29	74.86	44.31	24.89	62.99	10.17	66.72	97.48	100.43	98.66	119.47	49.45	63.92
37	63.98	46.44	80.16	48.37	108.84	47.6	27.66	129.92	82.61	72.77	100.19	99.27	67.54	88.79	49.09	47.53	82.4	84.34	120.12	59.34	105.6	58.03	84.32	85.79	55.65	115.84	79.78	139.22	109.45	137.21	80.83	93.61	35.38	37.68	102.51	101.58	61.37	0.0	83.28	110.82	106.91	55.86	100.34	68.1	78.95	33.37	51.29	102.33	76.8	48.76	90.03	123.33	64.14	105.92	70.15	80.84	51.44	148.27	75.4	64.2	81.47	86.28	26.95	108.7	50.84	58.7	101.81	64.37	36.57	51.29	55.96	81.27	67.88	126.19	89.32	82.39	42.61	46.23	110.86	45.08	140.92	77.59	154.11	53.16	133.52	46.77	76.47	21.22	19.23	87.39	76.5	40.37	64.78	118.26	85.57	76.35	133.57	88.05	94.28	77.13	75.35	120.66	111.31	105.45	98.82	46.12	88.74	55.89	35.23	99.84	86.22	95.93	51.41	94.04	97.59	81.87	168.42	35.21	119.73	21.06	77.3	24.17	119.51	78.61	65.06	44.62	26.24	84.82	102.64	99.48	97.67	92.96	63.46	89.33	43.0	49.66	50.06	114.65	51.4	43.32	92.92	124.43	61.66	59.76	71.13	63.98
38	49.07	93.77	104.37	40.96	37.73	43.22	104.82	71.46	1.75	54.52	26.8	65.41	34.54	55.08	105.33	54.69	1.07	72.33	49.38	31.28	92.36	102.26	4.42	16.96	63.7	43.23	31.59	89.78	46.36	80.09	108.16	114.57	78.7	71.67	36.48	24.01	109.53	83.28	0.0	65.55	50.92	82.28	21.15	72.85	54.44	62.8	64.82	62.23	101.52	81.15	14.0	42.24	113.97	52.77	54.77	90.72	68.73	88.69	117.65	51.54	123.19	9.24	86.58	34.81	95.43	41.85	63.24	130.54	57.25	51.67	127.51	68.0	62.2	73.97	35.4	61.71	92.94	46.76	88.69	118.35	89.3	82.71	122.0	97.59	84.28	94.77	127.6	100.38	100.88	138.16	11.54	74.82	82.55	77.75	128.84	124.89	68.69	35.98	89.08	65.86	113.86	52.25	46.24	26.41	26.85	109.79	32.19	97.12	56.56	34.22	27.5	82.69	105.09	12.15	57.43	50.74	141.89	112.59	43.26	74.81	37.79	64.96	59.58	55.41	112.41	55.43	106.29	38.5	19.48	44.67	86.15	106.9	33.31	28.01	41.01	65.42	84.69	121.96	101.77	45.19	34.94	86.87	24.57	78.09	71.21	49.07
