param n:= 146 ;
param r:= 2 ;

param Tmax:= 1000 ;

param cant_clases:= 10 ;

param b:=
0 0
1 9.0
2 22.0
3 10.0
4 24.0
5 25.0
6 6.0
7 22.0
8 1.0
9 19.0
10 19.0
11 5.0
12 9.0
13 8.0
14 14.0
15 4.0
16 7.0
17 10.0
18 22.0
19 17.0
20 10.0
21 8.0
22 14.0
23 12.0
24 17.0
25 19.0
26 25.0
27 25.0
28 6.0
29 21.0
30 3.0
31 19.0
32 16.0
33 21.0
34 17.0
35 19.0
36 6.0
37 10.0
38 22.0
39 17.0
40 16.0
41 5.0
42 1.0
43 21.0
44 20.0
45 6.0
46 1.0
47 11.0
48 22.0
49 25.0
50 18.0
51 9.0
52 23.0
53 17.0
54 4.0
55 1.0
56 14.0
57 11.0
58 7.0
59 21.0
60 3.0
61 18.0
62 5.0
63 6.0
64 22.0
65 13.0
66 17.0
67 5.0
68 7.0
69 1.0
70 3.0
71 10.0
72 5.0
73 1.0
74 17.0
75 14.0
76 4.0
77 10.0
78 25.0
79 11.0
80 16.0
81 25.0
82 20.0
83 3.0
84 7.0
85 2.0
86 6.0
87 14.0
88 14.0
89 2.0
90 15.0
91 22.0
92 4.0
93 22.0
94 19.0
95 5.0
96 10.0
97 4.0
98 7.0
99 11.0
100 14.0
101 2.0
102 12.0
103 12.0
104 24.0
105 8.0
106 4.0
107 25.0
108 6.0
109 9.0
110 23.0
111 15.0
112 7.0
113 6.0
114 5.0
115 12.0
116 3.0
117 22.0
118 18.0
119 16.0
120 5.0
121 1.0
122 8.0
123 20.0
124 17.0
125 11.0
126 8.0
127 15.0
128 16.0
129 6.0
130 24.0
131 10.0
132 4.0
133 10.0
134 17.0
135 5.0
136 14.0
137 16.0
138 11.0
139 25.0
140 4.0
141 12.0
142 19.0
143 6.0
144 23.0
145 0
;

param o:=
0 0
1 392
2 310
3 453
4 472
5 169
6 154
7 97
8 286
9 185
10 467
11 346
12 455
13 277
14 436
15 88
16 301
17 144
18 396
19 433
20 203
21 376
22 370
23 244
24 320
25 473
26 242
27 445
28 105
29 193
30 292
31 287
32 285
33 409
34 417
35 290
36 169
37 145
38 147
39 87
40 362
41 273
42 279
43 418
44 388
45 442
46 269
47 451
48 463
49 152
50 182
51 91
52 269
53 198
54 76
55 134
56 201
57 274
58 167
59 270
60 460
61 318
62 111
63 400
64 91
65 109
66 324
67 203
68 176
69 86
70 315
71 355
72 243
73 420
74 324
75 311
76 92
77 470
78 390
79 253
80 304
81 269
82 204
83 456
84 182
85 293
86 170
87 183
88 251
89 325
90 315
91 310
92 95
93 378
94 406
95 436
96 334
97 292
98 430
99 141
100 355
101 135
102 193
103 192
104 185
105 115
106 111
107 339
108 214
109 452
110 282
111 412
112 447
113 350
114 337
115 110
116 119
117 280
118 82
119 418
120 201
121 429
122 90
123 353
124 394
125 358
126 131
127 369
128 270
129 287
130 85
131 258
132 356
133 226
134 363
135 359
136 232
137 315
138 196
139 187
140 354
141 270
142 474
143 375
144 464
145 0
;

param e:=
0 0
1 25.0
2 13.0
3 20.0
4 16.0
5 4.0
6 2.0
7 7.0
8 15.0
9 10.0
10 4.0
11 19.0
12 10.0
13 15.0
14 4.0
15 17.0
16 4.0
17 3.0
18 9.0
19 25.0
20 14.0
21 23.0
22 7.0
23 7.0
24 1.0
25 10.0
26 15.0
27 1.0
28 2.0
29 9.0
30 10.0
31 2.0
32 23.0
33 15.0
34 13.0
35 16.0
36 21.0
37 1.0
38 18.0
39 17.0
40 13.0
41 5.0
42 23.0
43 20.0
44 1.0
45 2.0
46 15.0
47 20.0
48 9.0
49 13.0
50 4.0
51 15.0
52 5.0
53 8.0
54 19.0
55 16.0
56 11.0
57 23.0
58 14.0
59 24.0
60 5.0
61 5.0
62 23.0
63 3.0
64 10.0
65 23.0
66 23.0
67 20.0
68 5.0
69 14.0
70 1.0
71 10.0
72 3.0
73 4.0
74 23.0
75 21.0
76 3.0
77 21.0
78 25.0
79 5.0
80 11.0
81 10.0
82 5.0
83 3.0
84 13.0
85 19.0
86 13.0
87 8.0
88 13.0
89 15.0
90 10.0
91 4.0
92 23.0
93 23.0
94 14.0
95 20.0
96 3.0
97 5.0
98 16.0
99 21.0
100 4.0
101 2.0
102 11.0
103 15.0
104 16.0
105 3.0
106 21.0
107 21.0
108 25.0
109 12.0
110 21.0
111 6.0
112 2.0
113 24.0
114 21.0
115 24.0
116 11.0
117 12.0
118 22.0
119 19.0
120 8.0
121 9.0
122 10.0
123 5.0
124 14.0
125 7.0
126 5.0
127 22.0
128 5.0
129 1.0
130 9.0
131 16.0
132 14.0
133 21.0
134 8.0
135 7.0
136 24.0
137 24.0
138 16.0
139 4.0
140 7.0
141 13.0
142 25.0
143 10.0
144 24.0
145 0
;

param c:=
0 1000
1 514
2 452
3 612
4 605
5 267
6 274
7 266
8 386
9 293
10 596
11 436
12 604
13 404
14 562
15 208
16 440
17 253
18 519
19 533
20 363
21 486
22 506
23 335
24 413
25 631
26 420
27 539
28 217
29 359
30 388
31 439
32 422
33 557
34 580
35 428
36 299
37 251
38 241
39 189
40 516
41 407
42 429
43 547
44 494
45 544
46 397
47 578
48 582
49 249
50 272
51 195
52 447
53 375
54 213
55 254
56 339
57 432
58 288
59 448
60 595
61 471
62 234
63 558
64 214
65 269
66 468
67 335
68 350
69 216
70 416
71 448
72 422
73 577
74 457
75 475
76 212
77 635
78 515
79 373
80 411
81 438
82 370
83 571
84 273
85 412
86 317
87 276
88 400
89 460
90 416
91 441
92 266
93 526
94 545
95 535
96 461
97 411
98 575
99 299
100 532
101 238
102 321
103 322
104 291
105 286
106 284
107 493
108 351
109 553
110 419
111 532
112 603
113 524
114 456
115 235
116 268
117 396
118 214
119 574
120 320
121 580
122 190
123 511
124 537
125 455
126 274
127 520
128 449
129 408
130 177
131 352
132 450
133 318
134 482
135 512
136 408
137 442
138 335
139 288
140 500
141 374
142 617
143 476
144 559
145 1000
;

param t
:	0	1	2	3	4	5	6	7	8	9	10	11	12	13	14	15	16	17	18	19	20	21	22	23	24	25	26	27	28	29	30	31	32	33	34	35	36	37	38	39	40	41	42	43	44	45	46	47	48	49	50	51	52	53	54	55	56	57	58	59	60	61	62	63	64	65	66	67	68	69	70	71	72	73	74	75	76	77	78	79	80	81	82	83	84	85	86	87	88	89	90	91	92	93	94	95	96	97	98	99	100	101	102	103	104	105	106	107	108	109	110	111	112	113	114	115	116	117	118	119	120	121	122	123	124	125	126	127	128	129	130	131	132	133	134	135	136	137	138	139	140	141	142	143	144	145 :=
0	0.0	44.84	60.15	50.1	47.93	7.83	47.0	59.78	67.21	104.61	59.76	22.89	48.83	51.01	50.96	14.42	22.12	37.61	23.61	53.81	69.63	27.91	22.4	33.62	50.5	31.49	39.45	71.1	11.38	46.77	93.93	62.56	40.83	42.59	88.06	17.28	125.2	45.05	60.85	34.17	82.46	14.93	49.94	15.18	53.83	33.01	31.78	99.67	53.6	107.35	76.98	39.22	78.77	52.29	65.88	101.41	70.71	138.2	25.48	53.98	84.35	104.73	37.12	9.18	67.17	38.92	38.83	99.0	32.75	90.71	54.87	33.27	83.95	47.61	71.72	57.66	81.34	88.16	28.49	58.4	48.21	35.77	53.55	73.97	24.66	117.28	24.25	32.14	75.98	113.16	54.4	32.74	15.18	50.77	50.78	41.84	36.38	58.84	92.42	35.47	89.62	74.55	51.28	77.32	14.67	69.35	23.54	23.64	29.49	25.56	73.36	100.4	53.87	73.1	74.64	72.33	94.04	57.33	41.32	82.31	58.26	67.5	34.18	26.72	54.12	80.4	49.95	63.37	31.74	38.04	37.05	94.25	50.86	39.42	64.34	59.05	83.34	72.57	34.2	49.46	110.24	66.25	70.76	15.12	34.27	0.0
1	44.84	0.0	78.0	15.42	80.8	37.04	80.13	95.88	94.08	118.16	41.07	21.95	45.88	8.23	22.62	48.18	66.74	14.31	68.4	63.69	57.92	70.4	66.32	58.47	71.82	74.23	6.83	36.05	35.97	90.45	130.29	46.45	68.98	87.31	106.47	28.91	145.48	70.99	56.51	12.48	39.27	45.2	51.26	59.66	58.09	20.86	66.66	105.1	75.83	150.83	62.07	70.95	41.69	94.14	108.67	140.11	96.28	157.64	66.97	98.32	86.34	125.8	11.79	50.61	88.36	83.66	79.07	129.74	73.47	45.89	72.82	11.72	78.47	25.43	68.27	90.24	126.13	115.01	41.78	72.04	16.61	64.76	97.11	96.16	56.86	146.56	67.31	25.68	40.38	119.57	92.73	20.63	56.12	95.61	72.39	3.27	72.46	83.17	135.18	53.78	90.82	91.02	74.14	55.65	59.37	87.65	59.94	24.92	57.14	24.49	30.66	120.48	48.62	77.31	41.37	92.21	138.88	86.11	42.83	37.85	102.25	32.1	61.54	71.36	67.22	104.56	92.63	33.47	76.17	24.28	56.81	105.72	6.35	20.66	95.77	80.01	87.08	92.45	68.4	7.02	117.06	64.58	83.81	49.9	41.85	44.84
2	60.15	78.0	0.0	91.81	102.88	61.9	101.9	38.53	123.73	44.5	112.03	66.39	106.07	77.71	96.89	45.73	58.58	82.09	64.59	113.84	44.2	49.77	69.51	26.54	110.01	77.85	77.74	75.41	55.5	60.0	63.57	48.99	22.07	74.31	146.76	58.67	182.12	103.77	33.7	76.18	114.31	45.73	29.82	56.94	23.89	82.04	88.14	42.03	8.55	133.55	132.09	96.18	119.68	53.73	101.79	142.32	127.61	195.16	76.81	68.54	32.56	161.96	79.57	52.38	10.86	65.51	43.97	150.46	82.75	111.91	114.74	69.79	142.41	96.43	130.27	111.48	93.86	38.57	87.46	118.53	91.61	26.1	62.69	132.05	36.29	168.9	51.52	84.18	118.32	54.18	42.54	81.62	48.9	75.85	9.93	75.11	34.57	11.54	123.71	26.4	149.42	134.1	10.56	59.83	58.37	128.7	39.89	74.27	89.12	76.4	89.53	158.16	110.88	23.46	74.53	131.2	107.61	113.71	35.68	101.77	90.75	109.87	26.49	67.5	11.48	137.35	90.24	109.65	71.46	88.65	23.92	34.31	83.54	87.77	29.09	118.23	29.97	14.45	32.28	85.02	51.21	124.98	11.92	45.14	36.35	60.15
3	50.1	15.42	91.81	0.0	77.01	42.52	76.49	106.14	87.31	132.96	26.26	28.97	34.56	21.15	7.75	57.12	72.08	12.49	72.5	53.82	73.29	77.59	69.19	70.36	64.66	75.73	14.08	48.41	43.95	96.87	140.79	61.77	80.68	90.77	96.56	37.44	135.22	65.44	71.86	16.97	33.28	54.57	66.17	65.27	72.94	18.06	64.82	120.38	88.9	151.34	46.98	67.48	29.39	101.92	109.09	137.09	88.97	146.99	68.1	103.93	101.67	116.14	13.52	57.63	101.87	88.54	87.51	123.23	73.73	46.23	64.51	22.16	64.2	12.3	54.73	85.79	130.51	127.88	37.32	62.51	2.9	76.1	103.64	87.77	67.01	139.18	74.11	21.38	27.22	134.85	102.16	18.17	63.65	99.59	85.47	17.45	82.26	96.05	135.14	66.59	77.37	81.15	87.05	70.27	64.65	78.48	69.15	26.67	53.9	25.07	38.11	110.66	36.22	92.47	53.99	83.28	142.55	80.44	57.35	40.9	104.06	18.52	73.08	74.98	81.38	96.46	93.36	18.22	79.26	16.7	69.55	120.61	13.34	13.13	107.37	72.1	102.35	106.23	78.61	9.7	132.31	51.63	98.32	58.79	55.46	50.1
4	47.93	80.8	102.88	77.01	0.0	51.92	0.98	86.64	21.01	145.68	68.2	62.7	50.31	88.8	72.8	60.24	44.93	67.62	39.1	36.26	117.52	55.02	33.54	77.6	20.23	26.77	73.99	114.14	58.45	59.04	114.03	109.98	81.05	40.7	45.83	62.04	79.25	13.87	108.73	68.35	108.9	61.95	97.72	45.97	101.15	60.66	16.17	144.45	94.97	78.6	73.38	9.87	97.46	69.37	39.42	60.09	25.04	92.28	26.07	58.99	130.72	59.18	69.34	52.39	107.17	46.91	65.34	51.22	20.9	123.21	25.63	71.98	67.74	67.17	58.24	9.86	72.84	121.17	39.79	32.36	74.16	76.78	63.62	30.68	67.16	69.39	52.26	56.25	93.74	157.05	78.97	60.77	54.34	48.08	92.96	78.89	70.57	98.01	61.82	81.57	64.42	37.1	92.67	124.39	44.57	31.52	63.02	56.28	23.67	56.38	111.43	55.69	53.39	119.45	118.55	31.77	80.22	11.27	89.25	117.16	40.92	87.59	76.68	36.97	99.42	34.64	28.95	79.98	34.97	60.31	82.43	136.95	84.99	63.98	96.26	22.57	129.32	112.71	71.33	82.0	154.09	53.63	114.49	60.06	82.17	47.93
5	7.83	37.04	61.9	42.52	51.92	0.0	51.04	65.7	70.06	106.33	53.89	15.09	44.68	43.35	43.79	17.45	29.92	30.03	31.37	52.39	66.1	35.14	29.7	35.79	51.52	38.37	31.62	64.41	7.16	54.4	100.15	58.1	44.31	50.31	89.35	10.48	127.27	47.03	58.23	26.38	74.68	16.4	47.79	22.93	52.48	25.87	35.86	99.79	56.12	114.68	72.12	42.6	71.42	59.52	72.94	107.47	73.31	140.19	31.78	61.75	83.58	106.79	29.39	15.36	69.83	46.75	45.54	103.14	38.89	82.92	55.27	25.52	80.69	40.81	68.49	61.77	89.17	92.36	25.58	57.97	40.72	39.24	61.17	75.85	28.38	121.21	31.61	25.64	68.72	113.64	60.8	25.57	21.53	58.57	53.05	34.07	41.88	62.0	99.53	36.01	87.61	75.2	53.86	72.48	22.48	70.27	28.62	16.43	31.02	18.49	65.86	102.21	49.64	72.47	68.22	73.66	101.85	60.45	38.52	74.6	65.7	60.17	37.1	34.38	54.61	82.83	56.93	56.43	39.31	31.37	38.1	95.43	43.03	32.36	69.23	60.29	82.87	75.07	39.09	41.64	110.76	63.15	71.8	18.75	31.98	7.83
6	47.0	80.13	101.9	76.49	0.98	51.04	0.0	85.73	21.98	144.7	67.99	61.92	50.11	88.11	72.36	59.27	43.96	67.01	38.13	36.39	116.6	54.06	32.56	76.62	20.48	25.85	73.33	113.37	57.55	58.22	113.23	109.09	80.07	39.94	46.74	61.18	80.23	13.87	107.79	67.67	108.47	61.0	96.78	44.99	100.19	60.05	15.26	143.47	93.99	78.69	73.45	9.19	97.16	68.53	39.25	60.6	26.0	93.26	25.09	58.26	129.74	60.16	68.7	51.42	106.2	46.06	64.41	52.11	19.95	122.68	25.98	71.24	68.08	66.74	58.47	10.73	72.4	120.25	39.23	32.7	73.64	75.8	62.84	31.59	66.18	70.3	51.3	55.67	93.45	156.07	78.07	60.16	53.37	47.4	91.98	78.2	69.6	97.04	61.92	80.6	64.96	37.86	91.69	123.52	43.59	32.26	62.04	55.56	23.01	55.7	110.77	56.66	53.27	118.48	117.77	32.6	79.93	12.2	88.32	116.58	40.49	87.24	75.7	36.03	98.44	35.61	28.45	79.66	34.07	59.79	81.45	135.97	84.36	63.44	95.33	23.17	128.35	111.74	70.36	81.39	153.11	53.8	113.51	59.09	81.23	47.0
7	59.78	95.88	38.53	106.14	86.64	65.7	85.73	0.0	107.19	66.47	119.45	77.23	108.13	98.7	108.83	49.17	44.42	94.17	49.1	109.16	80.43	34.24	55.36	38.65	100.06	59.93	92.93	105.45	62.44	29.86	34.66	82.27	28.66	48.59	132.46	68.71	163.24	92.55	69.03	89.17	135.06	51.58	61.18	47.79	57.74	91.24	75.77	74.48	31.74	97.89	136.57	83.2	135.54	20.0	72.41	112.12	111.3	175.96	62.78	35.69	70.1	144.26	92.63	50.69	33.63	40.49	22.39	126.83	65.97	137.56	105.72	84.93	141.68	106.36	129.61	93.04	56.67	35.21	87.38	111.13	104.92	31.75	29.15	117.32	39.19	144.58	38.0	91.34	133.24	82.79	7.86	90.89	44.6	46.02	33.53	92.62	23.96	27.12	90.26	45.33	144.7	122.65	31.3	95.37	49.16	116.96	37.24	81.89	81.72	84.03	116.11	141.51	113.18	61.93	106.03	118.09	70.01	97.87	61.84	127.69	61.31	124.54	35.13	50.25	45.97	120.46	65.18	121.73	51.67	97.03	42.6	62.24	102.17	97.72	12.45	106.73	67.14	37.52	27.57	102.3	80.03	124.06	48.15	47.57	57.92	59.78
8	67.21	94.08	123.73	87.31	21.01	70.06	21.98	107.19	0.0	166.68	72.44	78.69	55.34	102.29	81.71	80.31	65.95	80.03	60.11	36.52	136.15	76.01	54.53	98.18	22.66	47.6	87.29	129.1	76.98	78.86	133.28	127.9	101.97	59.98	25.68	79.57	58.45	23.56	127.95	82.05	116.72	81.75	117.13	66.78	120.96	73.25	35.91	165.14	115.89	82.8	71.44	28.07	102.78	89.32	50.77	55.95	4.12	71.5	47.01	77.68	151.0	38.24	82.29	72.6	128.17	67.0	86.2	35.92	41.85	133.02	23.89	86.85	60.26	75.98	53.86	14.65	86.9	141.94	52.41	28.72	84.41	97.64	82.86	11.16	87.8	52.52	73.28	68.46	98.96	177.88	99.44	73.46	75.0	66.27	113.81	92.69	91.58	119.01	66.63	101.79	52.43	21.63	113.58	141.84	65.36	17.59	83.84	71.03	39.32	70.6	124.1	34.68	56.7	139.72	133.9	14.83	91.74	10.04	108.29	128.21	56.02	94.28	97.42	57.92	119.9	13.64	45.65	86.02	55.62	71.18	102.82	157.86	97.31	75.04	117.08	16.28	149.72	133.71	92.32	93.93	174.92	50.75	135.27	80.28	101.39	67.21
9	104.61	118.16	44.5	132.96	145.68	106.33	144.7	66.47	166.68	0.0	155.01	109.73	150.2	116.1	138.81	90.2	100.77	124.47	106.68	158.34	68.42	90.96	112.15	71.0	154.13	119.65	119.16	105.5	99.81	95.33	69.69	78.47	65.01	112.73	190.41	102.46	224.74	147.66	63.65	118.49	150.78	90.22	66.9	100.25	60.07	125.25	131.63	21.8	51.31	163.21	175.51	139.67	159.09	86.26	138.41	178.47	170.65	237.72	119.7	102.07	36.94	204.85	121.72	96.63	38.51	103.97	82.24	190.97	125.03	144.19	159.0	111.65	186.64	139.04	174.54	153.73	121.21	36.67	131.91	162.93	133.19	69.7	95.55	175.51	80.44	209.16	93.45	127.79	158.27	19.27	73.71	124.82	92.71	111.83	53.9	115.64	75.24	47.67	156.59	70.5	193.9	178.16	53.66	82.15	101.73	172.7	83.45	118.03	133.37	120.11	122.34	201.32	154.93	42.03	102.6	174.98	133.41	156.74	75.64	134.37	127.23	150.21	70.64	109.17	52.57	180.31	129.38	151.14	112.41	131.89	68.24	12.71	122.97	130.62	54.09	162.19	34.53	32.96	74.37	125.09	17.48	169.31	35.07	89.55	78.56	104.61
10	59.76	41.07	112.03	26.26	68.2	53.89	67.99	119.45	72.44	155.01	0.0	45.65	17.9	47.4	18.57	71.12	79.15	30.79	77.53	35.99	98.77	87.16	72.57	87.86	50.9	76.19	37.35	74.38	58.34	104.01	153.69	87.41	97.4	93.32	75.92	53.68	113.34	54.64	96.24	36.72	45.6	69.45	89.27	73.43	95.78	30.0	60.81	144.13	107.75	146.5	21.13	60.24	30.35	111.12	105.5	126.66	73.05	124.42	68.76	109.39	125.78	95.42	33.75	68.76	121.3	93.58	98.49	107.39	72.32	63.92	48.55	43.84	38.08	16.25	29.54	75.12	132.86	145.58	34.91	44.37	24.5	92.43	110.66	70.0	81.97	121.57	83.33	28.5	26.53	158.59	114.15	30.42	74.9	102.52	104.43	42.33	95.75	114.36	129.78	85.76	51.91	61.14	105.67	96.48	72.36	59.83	82.52	38.43	49.17	36.23	62.26	89.8	15.74	115.96	79.99	64.81	143.3	67.98	79.84	61.79	103.09	22.9	89.88	79.0	102.55	78.82	91.15	14.45	82.04	23.44	88.49	143.04	39.58	24.39	123.03	56.2	126.14	126.13	92.96	35.95	155.93	27.58	119.97	72.54	76.45	59.76
11	22.89	21.95	66.39	28.97	62.7	15.09	61.92	77.23	78.69	109.73	45.65	0.0	41.42	28.45	31.9	28.15	44.86	16.99	46.45	54.37	60.13	49.16	44.54	42.6	57.89	52.8	16.77	51.5	15.01	68.94	111.88	50.41	52.58	65.38	95.03	8.57	133.82	55.13	54.5	12.07	60.04	25.65	45.67	37.81	51.65	15.65	47.38	100.27	62.2	129.36	65.81	52.92	58.35	73.31	87.38	120.49	81.49	146.49	45.78	76.58	82.66	113.53	15.45	29.17	75.68	61.76	58.65	113.32	52.6	67.84	60.4	10.51	77.77	30.39	66.01	72.49	104.21	100.49	27.78	61.51	27.69	47.79	75.66	82.8	38.2	130.92	45.87	18.16	56.01	114.58	73.19	15.23	34.99	73.66	58.85	19.0	53.31	68.96	113.97	40.12	87.13	80.04	60.16	63.53	37.46	75.73	40.18	9.12	39.67	10.83	51.19	108.57	45.82	72.14	55.85	79.74	116.93	69.73	35.91	59.58	80.54	47.32	44.96	49.44	57.17	90.55	71.33	44.92	54.3	22.26	42.87	98.0	27.99	21.59	78.98	66.63	82.55	80.49	49.75	26.79	111.82	61.16	74.66	29.81	31.36	22.89
12	48.83	45.88	106.07	34.56	50.31	44.68	50.11	108.13	55.34	150.2	17.9	41.42	0.0	53.67	27.69	62.03	65.59	32.15	63.09	19.67	100.17	74.57	57.6	80.37	33.29	60.01	40.11	81.74	50.62	89.77	141.62	89.51	88.96	77.47	62.05	47.85	100.66	36.74	95.63	36.9	61.45	61.07	87.09	60.69	93.05	27.58	43.73	141.64	100.7	128.7	28.6	42.53	47.78	97.71	87.95	108.9	56.31	112.46	52.88	94.34	124.08	81.65	35.22	58.0	114.41	78.67	86.32	90.82	55.64	78.41	31.55	43.89	36.49	22.3	24.6	57.26	116.47	136.84	20.79	28.4	31.85	83.88	96.24	54.1	72.9	105.83	70.7	23.58	43.99	155.89	102.16	27.99	63.82	86.63	97.56	45.87	85.15	106.68	111.96	79.75	46.07	46.69	98.46	100.68	59.44	44.37	72.36	32.52	32.32	30.61	72.68	76.14	5.05	113.55	87.16	49.28	126.42	50.29	77.34	74.66	86.08	38.94	81.78	64.07	97.78	62.91	73.98	30.71	66.52	21.99	82.15	138.81	46.86	25.29	113.17	39.28	123.96	119.58	83.01	43.12	153.1	19.8	115.26	63.19	72.56	48.83
13	51.01	8.23	77.71	21.15	88.8	43.35	88.11	98.7	102.29	116.1	47.4	28.45	53.67	0.0	28.84	52.53	72.49	22.5	74.61	71.77	53.12	75.29	72.97	60.49	80.05	81.22	15.0	28.07	41.25	95.5	132.74	41.48	70.98	93.59	114.6	34.25	153.59	79.17	53.2	20.47	36.94	49.38	49.49	65.4	56.34	29.08	74.42	101.83	76.44	157.8	68.06	78.93	43.02	98.49	115.77	147.89	104.5	165.7	74.1	103.68	82.91	133.96	20.02	55.91	88.34	89.44	83.18	137.93	80.77	40.19	81.03	17.94	85.26	32.5	75.46	98.29	131.87	115.52	49.96	80.17	23.05	67.11	102.06	104.38	60.24	154.78	72.42	33.91	42.42	116.23	96.13	28.85	61.06	101.65	73.03	9.95	75.82	83.91	142.34	55.01	98.08	99.14	74.93	49.15	65.25	95.83	63.87	32.66	65.15	32.42	22.91	128.62	56.16	74.56	33.5	100.4	144.86	94.28	42.05	31.35	108.98	34.89	63.79	77.71	66.55	112.79	99.72	38.0	82.66	32.35	58.04	103.5	7.96	28.64	97.58	88.23	83.94	92.08	71.55	11.45	113.82	72.0	82.44	54.23	42.48	51.01
14	50.96	22.62	96.89	7.75	72.8	43.79	72.36	108.83	81.71	138.81	18.57	31.9	27.69	28.84	0.0	59.66	72.44	15.02	72.21	47.24	80.51	78.83	68.34	74.32	59.09	74.09	19.75	56.14	46.39	97.48	143.46	69.06	84.43	89.91	89.72	40.46	128.19	60.59	78.57	20.76	36.13	57.39	72.31	65.89	79.0	17.96	61.73	126.88	93.47	148.65	39.47	63.56	27.99	103.23	106.56	132.83	83.13	139.82	66.41	104.06	108.3	109.32	17.33	59.15	106.69	88.42	89.31	117.56	71.51	51.31	58.45	27.21	56.46	5.74	47.03	81.19	129.83	132.15	33.82	55.98	6.01	79.67	104.26	81.5	70.01	133.12	75.2	19.62	25.04	141.36	104.38	18.23	65.3	98.91	90.06	24.17	84.87	100.44	132.24	71.16	69.65	74.38	91.52	77.91	65.11	71.97	71.6	27.38	50.38	25.4	45.31	103.8	28.88	98.84	61.72	76.84	141.43	75.35	63.2	47.01	102.26	16.74	76.8	74.4	86.8	90.26	91.12	13.02	78.35	13.84	74.05	126.6	21.09	11.57	110.87	66.13	108.85	111.24	81.5	17.41	138.77	44.04	103.97	61.26	60.67	50.96
15	14.42	48.18	45.73	57.12	60.24	17.45	59.27	49.17	80.31	90.2	71.12	28.15	62.03	52.53	59.66	0.0	23.2	45.02	27.71	68.18	59.06	23.02	29.72	19.2	64.67	39.39	44.35	67.36	13.27	43.27	83.82	53.71	26.94	45.27	101.99	19.75	138.62	58.88	49.22	40.18	87.36	3.29	38.03	17.18	40.95	42.17	44.43	85.52	39.28	111.32	89.57	52.26	86.5	46.02	71.64	109.67	83.97	151.65	35.38	51.86	70.71	118.21	43.6	7.93	52.92	39.07	30.89	110.58	42.44	92.66	69.19	36.68	97.76	57.34	85.53	69.66	80.59	74.91	42.31	72.81	55.79	21.85	49.69	87.66	10.92	129.02	20.65	42.67	84.12	98.88	45.05	41.81	9.5	51.83	36.4	44.93	25.22	44.79	97.55	21.51	103.91	88.77	36.97	68.81	17.97	83.49	12.03	32.94	43.67	35.12	73.1	114.04	67.02	59.43	69.99	86.3	94.1	70.31	30.66	83.44	62.48	75.44	19.94	31.29	39.97	93.71	56.54	72.58	36.54	48.17	22.82	79.85	54.52	48.62	51.91	73.11	69.52	58.27	21.94	54.1	95.95	80.12	56.39	1.72	23.4	14.42
16	22.12	66.74	58.58	72.08	44.93	29.92	43.96	44.42	65.95	100.77	79.15	44.86	65.59	72.49	72.44	23.2	0.0	59.61	6.02	64.81	81.25	10.45	11.53	35.07	55.94	19.28	61.53	90.08	31.33	25.09	76.41	76.69	36.53	22.13	90.19	38.25	124.0	48.63	70.76	56.29	104.57	26.31	59.59	7.09	61.19	54.61	31.89	100.53	50.41	88.17	94.19	39.7	100.4	32.14	48.66	87.53	69.95	137.0	19.19	31.87	88.27	104.08	59.23	17.0	62.28	16.95	22.04	92.03	24.3	112.49	61.48	55.07	97.65	68.63	85.71	53.07	59.41	77.37	44.95	66.74	70.08	32.7	31.85	75.12	24.88	110.52	7.33	53.08	97.46	112.65	37.53	54.39	13.86	29.31	48.68	63.66	25.66	53.1	74.37	40.77	100.28	79.14	48.16	91.8	7.45	73.49	19.69	45.45	37.33	47.22	94.33	100.62	70.55	77.2	92.96	75.14	72.39	56.07	53.3	103.84	39.29	89.13	33.29	9.15	56.68	79.57	34.09	84.45	13.95	59.04	40.71	92.3	72.84	60.87	52.38	63.07	86.48	67.81	26.53	71.55	109.68	80.17	70.39	21.98	46.16	22.12
17	37.61	14.31	82.09	12.49	67.62	30.03	67.01	94.17	80.03	124.47	30.79	16.99	32.15	22.5	15.02	45.02	59.61	0.0	60.15	49.44	68.89	65.13	57.04	59.3	57.65	63.97	7.99	50.31	31.77	84.38	128.82	57.87	69.42	78.58	92.18	25.56	131.2	57.17	65.62	5.97	45.31	42.61	58.48	52.78	65.01	6.96	54.3	113.34	78.49	140.08	51.79	57.85	41.58	89.48	97.79	127.41	82.13	143.4	56.41	91.48	95.04	111.49	3.13	45.19	91.78	76.13	75.16	115.8	62.37	56.34	58.53	13.06	66.38	14.6	55.52	76.85	118.22	117.13	28.04	57.75	10.8	64.69	91.15	81.89	55.18	132.45	61.63	11.59	39.11	127.8	89.97	6.86	51.24	87.32	75.09	13.78	70.23	85.44	124.06	56.21	77.82	76.73	76.53	68.56	52.17	73.34	57.03	14.31	44.04	12.89	44.14	106.18	35.38	85.17	55.55	77.9	130.39	72.31	49.09	49.63	92.3	30.44	61.8	62.71	72.2	90.32	81.91	28.03	67.11	10.2	59.08	112.39	17.42	7.04	95.92	65.76	95.36	96.39	66.72	14.39	125.14	51.43	89.5	46.65	46.03	37.61
18	23.61	68.4	64.59	72.5	39.1	31.37	38.13	49.1	60.11	106.68	77.53	46.45	63.09	74.61	72.21	27.71	6.02	60.15	0.0	60.76	86.43	15.95	6.27	40.9	50.97	13.27	62.81	93.58	34.0	26.68	80.06	81.42	42.55	18.98	84.55	40.62	118.06	43.49	76.12	57.35	105.41	30.63	64.92	10.56	66.78	54.67	26.7	106.55	56.42	84.41	91.56	34.31	100.19	35.06	43.98	82.19	64.13	131.06	13.75	32.01	94.19	98.19	60.08	20.65	68.21	16.24	26.93	86.04	18.35	114.29	56.63	56.87	93.93	68.05	82.16	47.1	58.08	82.67	42.81	62.13	70.33	38.7	33.2	69.44	30.6	104.53	13.24	52.64	97.11	118.66	41.89	54.49	18.85	27.27	54.69	65.43	31.49	59.02	70.1	46.38	95.85	73.82	54.17	96.52	10.02	68.15	25.55	45.85	33.33	47.44	96.86	94.79	67.95	83.09	96.7	69.64	70.53	50.29	58.24	105.92	35.26	88.95	39.23	3.58	62.6	73.72	28.87	83.8	8.85	58.55	46.45	98.29	74.34	60.72	57.67	57.81	92.44	73.73	32.52	72.77	115.69	76.65	76.41	26.7	51.02	23.61
19	53.81	63.69	113.84	53.82	36.26	52.39	36.39	109.16	36.52	158.34	35.99	54.37	19.67	71.77	47.24	68.18	64.81	49.44	60.76	0.0	114.49	74.92	54.58	87.36	16.4	53.72	57.37	99.73	59.34	86.46	140.81	104.52	94.46	71.08	42.89	58.74	81.82	22.63	108.55	53.17	80.89	68.15	98.98	61.72	104.29	43.59	35.9	152.14	107.41	114.32	37.19	31.32	66.34	95.67	75.63	91.55	37.06	93.96	48.01	89.21	135.55	62.39	52.27	62.29	120.96	74.44	86.77	71.47	48.18	98.07	12.74	59.51	33.51	41.71	22.55	41.05	107.63	140.73	27.25	8.74	51.01	89.46	92.35	34.45	78.38	86.19	71.21	38.87	62.52	166.03	102.34	43.93	67.2	79.83	104.58	63.14	88.0	112.51	97.56	88.35	35.96	27.43	105.09	116.81	60.27	24.73	76.46	45.33	27.49	44.0	91.81	56.97	20.26	124.58	105.0	29.62	116.02	33.1	89.3	94.25	75.97	58.23	87.99	60.63	106.99	43.27	63.66	49.85	61.55	39.42	90.32	147.71	65.5	43.15	116.1	20.24	135.02	126.38	86.85	61.83	163.15	17.53	124.1	68.93	83.54	53.81
20	69.63	57.92	44.2	73.29	117.52	66.1	116.6	80.43	136.15	68.42	98.77	60.13	100.17	53.12	80.51	59.06	81.25	68.89	86.43	114.49	0.0	76.84	88.77	48.6	117.0	98.45	61.56	37.16	59.21	93.9	107.76	11.65	54.41	102.33	154.65	56.97	193.06	113.05	11.56	63.49	84.1	56.58	21.91	76.07	22.94	72.6	101.35	50.68	48.97	167.3	119.88	108.53	95.04	91.02	129.8	168.61	139.4	205.89	94.1	103.18	32.01	172.63	65.76	66.84	53.98	94.65	77.22	168.62	101.3	75.88	120.08	56.34	135.27	82.7	124.25	127.27	131.26	80.45	87.75	121.58	74.5	54.38	98.59	141.69	57.1	186.89	76.39	76.72	94.99	64.6	82.34	72.18	67.58	107.05	46.91	56.44	66.68	55.19	154.86	41.45	146.24	139.91	49.16	15.73	76.97	135.37	62.67	69.17	97.03	70.59	54.39	167.88	103.94	27.45	34.22	139.12	145.29	126.5	28.51	66.19	119.86	87.89	51.8	89.98	34.57	148.88	115.27	90.97	95.11	78.55	42.64	55.85	60.93	75.9	72.83	125.81	33.98	54.92	62.32	63.98	62.49	119.89	41.28	59.85	35.76	69.63
21	27.91	70.4	49.77	77.59	55.02	35.14	54.06	34.24	76.01	90.96	87.16	49.16	74.57	75.29	78.83	23.02	10.45	65.13	15.95	74.92	76.84	0.0	21.91	28.7	66.38	28.69	65.89	89.96	34.45	20.26	67.05	73.67	27.81	25.82	100.49	41.5	133.81	59.08	65.81	61.1	109.18	26.3	54.93	13.89	55.47	60.88	42.34	91.79	41.37	90.61	103.15	50.11	106.55	24.4	53.68	93.72	80.05	146.78	29.56	28.89	80.59	114.03	64.3	20.01	52.58	17.81	11.9	100.78	34.18	115.47	71.91	58.72	107.5	75.51	95.47	62.79	57.72	66.92	53.79	77.1	75.86	24.75	26.78	85.39	19.86	119.19	3.87	60.01	103.82	103.47	27.69	60.6	14.28	30.33	40.03	67.2	15.73	43.37	78.07	35.43	110.54	89.57	39.23	88.66	15.14	83.92	14.31	51.47	47.51	53.44	96.12	110.7	79.59	69.77	92.26	85.52	71.38	66.22	50.06	106.37	43.25	95.3	26.15	18.21	49.27	89.61	40.74	91.28	21.73	65.93	34.67	82.93	76.69	67.31	41.93	73.52	78.58	58.07	17.53	75.87	100.51	89.92	61.68	21.39	43.35	27.91
22	22.4	66.32	69.51	69.19	33.54	29.7	32.56	55.36	54.53	112.15	72.57	44.54	57.6	72.97	68.34	29.72	11.53	57.04	6.27	54.58	88.77	21.91	0.0	44.92	44.72	9.69	60.4	93.42	33.56	32.35	86.23	83.04	47.57	21.6	78.66	39.67	112.73	37.28	78.85	54.77	102.34	32.27	67.64	13.15	70.04	51.18	20.49	111.29	61.49	85.0	85.94	28.2	96.22	41.13	43.51	80.13	58.51	125.75	7.66	36.85	98.33	92.72	57.26	21.99	73.64	21.09	33.14	81.78	13.34	112.14	50.36	55.05	87.83	63.9	76.12	41.98	61.49	88.79	37.68	55.86	66.88	43.44	38.68	63.6	34.46	100.29	18.84	48.72	93.03	123.67	48.16	51.04	21.91	30.58	59.58	63.49	37.16	64.49	70.03	49.79	89.59	67.68	59.21	98.07	11.99	62.03	29.85	42.78	27.22	44.18	95.55	89.18	62.39	87.14	96.84	63.62	73.36	44.61	60.34	104.1	36.02	85.05	43.61	6.47	66.78	68.17	27.68	79.53	10.07	54.55	50.19	103.46	72.05	56.98	63.79	51.64	96.72	79.18	37.79	70.21	120.7	70.63	81.22	29.02	53.07	22.4
23	33.62	58.47	26.54	70.36	77.6	35.79	76.62	38.65	98.18	71.0	87.86	42.6	80.37	60.49	74.32	19.2	35.07	59.3	40.9	87.36	48.6	28.7	44.92	0.0	83.61	54.0	56.51	67.47	29.87	45.4	72.28	46.91	10.52	54.51	120.64	34.24	156.63	77.55	37.33	53.71	97.23	19.41	26.81	31.84	26.77	58.01	62.34	66.99	20.33	118.75	107.21	70.33	99.44	43.63	82.34	122.14	101.97	169.68	51.77	54.69	53.41	136.32	57.22	26.0	34.05	46.41	28.95	126.69	58.25	98.93	88.26	48.34	116.47	72.98	104.27	86.61	83.11	57.89	61.21	91.99	69.62	7.02	50.42	106.08	10.48	145.19	28.97	59.48	97.54	80.04	37.48	57.61	23.26	58.59	17.29	55.28	18.7	26.52	106.68	7.5	123.02	107.71	18.09	61.46	33.15	102.36	15.38	49.48	62.66	51.68	77.47	132.35	85.28	42.24	68.61	105.0	97.11	88.14	24.19	89.05	71.95	88.87	3.67	44.21	21.87	111.73	68.8	87.33	48.88	64.46	6.0	60.72	64.63	64.17	37.3	91.92	51.83	39.29	14.09	65.22	77.09	98.92	37.41	18.62	19.35	33.62
24	50.5	71.82	110.01	64.66	20.23	51.52	20.48	100.06	22.66	154.13	50.9	57.89	33.29	80.05	59.09	64.67	55.94	57.65	50.97	16.4	117.0	66.38	44.72	83.61	0.0	41.49	65.08	107.24	58.67	74.91	129.98	108.0	89.23	58.01	37.83	60.03	76.1	7.82	109.68	60.02	94.35	65.43	99.31	54.47	103.85	50.97	24.32	150.15	102.82	97.92	53.56	17.55	81.05	84.73	59.63	75.8	24.49	88.9	37.32	76.44	134.72	55.71	60.03	57.64	115.94	62.63	77.85	58.57	35.49	110.4	5.9	65.26	47.67	53.36	38.02	24.71	92.67	133.26	30.58	12.41	61.76	84.45	80.28	24.92	73.75	74.83	62.97	46.14	77.25	163.55	92.79	51.2	61.46	66.27	100.32	70.6	80.86	107.07	81.17	85.96	45.85	24.1	100.48	121.41	52.97	18.86	70.78	49.65	21.01	48.97	101.6	50.89	35.34	123.51	112.18	22.16	100.41	17.09	90.0	105.56	60.79	72.09	83.56	50.02	104.59	32.9	48.6	63.97	49.79	48.59	87.47	144.3	74.82	52.46	108.29	8.81	133.79	121.46	80.52	71.39	160.61	33.49	121.0	65.03	83.5	50.5
25	31.49	74.23	77.85	75.73	26.77	38.37	25.85	59.93	47.6	119.65	76.19	52.8	60.01	81.22	74.09	39.39	19.28	63.97	13.27	53.72	98.45	28.69	9.69	54.0	41.49	0.0	68.04	102.57	42.81	33.43	88.55	92.71	55.79	17.6	72.59	48.62	105.13	33.69	88.47	62.3	109.01	41.96	77.25	22.59	79.51	57.69	17.83	119.81	69.63	76.6	87.58	23.99	101.63	43.38	34.6	70.46	51.69	118.09	7.68	35.49	107.37	85.43	64.53	31.68	81.24	21.15	38.6	72.79	6.1	119.8	47.36	63.28	87.23	69.26	76.02	34.11	56.67	94.4	41.56	53.47	73.26	51.97	38.87	57.44	43.61	91.29	26.38	54.67	98.27	131.87	52.33	57.6	31.34	26.68	67.95	71.55	44.41	72.04	61.19	59.18	87.27	62.92	67.4	107.73	21.54	57.24	38.72	49.96	27.89	51.1	103.98	82.23	64.5	96.24	106.12	58.18	67.51	38.04	70.02	112.08	28.34	90.63	52.44	10.48	75.78	61.12	18.57	84.51	8.4	60.26	59.44	111.46	79.74	63.07	69.5	47.24	105.65	86.74	45.71	77.64	128.91	70.67	89.67	38.65	62.75	31.49
26	39.45	6.83	77.74	14.08	73.99	31.62	73.33	92.93	87.29	119.16	37.35	16.77	40.11	15.0	19.75	44.35	61.53	7.99	62.81	57.37	61.56	65.89	60.4	56.51	65.08	68.04	0.0	42.45	31.54	85.7	127.52	50.36	66.9	81.62	100.04	24.64	139.07	64.17	58.96	5.81	43.29	41.58	52.57	54.5	59.27	14.13	59.96	107.16	74.85	144.57	58.48	64.15	42.94	89.95	102.35	133.38	89.52	151.31	60.68	93.31	88.63	119.3	5.12	45.92	87.79	78.37	75.14	122.92	67.05	51.78	66.2	8.17	73.87	21.17	63.23	83.42	120.77	113.87	34.96	65.62	14.03	62.42	92.43	89.52	53.74	139.79	62.63	18.98	41.07	121.63	89.32	13.88	51.68	90.08	71.41	5.79	69.2	82.02	128.82	52.55	85.62	84.61	73.02	60.68	54.1	81.13	56.32	18.34	50.33	17.75	37.44	114.01	43.22	79.09	47.64	85.64	133.34	79.29	43.52	44.17	96.19	32.42	59.33	65.65	67.38	97.87	86.34	32.03	70.34	18.19	55.52	106.9	11.69	14.86	93.66	73.33	89.13	92.16	65.36	10.03	119.04	59.26	84.41	46.05	41.4	39.45
27	71.1	36.05	75.41	48.41	114.14	64.41	113.37	105.45	129.1	105.5	74.38	51.5	81.74	28.07	56.14	67.36	90.08	50.31	93.58	99.73	37.16	89.96	93.42	67.47	107.24	102.57	42.45	0.0	59.87	109.84	137.05	27.44	76.83	112.16	142.48	54.0	181.5	105.68	43.22	47.23	48.57	64.09	45.88	83.33	51.53	56.52	98.87	87.64	77.26	177.99	94.31	104.31	62.29	110.33	136.93	171.74	131.55	193.69	96.18	118.79	69.14	161.75	47.57	73.14	86.16	106.41	94.98	164.35	103.29	38.73	108.6	42.33	112.45	60.31	103.13	123.87	147.67	113.78	76.75	108.05	50.67	74.47	115.83	131.85	71.45	181.6	87.96	61.37	63.15	101.26	104.94	56.24	76.83	119.15	74.27	36.76	85.66	84.58	163.41	60.3	125.77	127.04	76.51	26.32	83.61	123.57	76.38	58.19	90.81	58.5	17.78	156.46	84.15	63.91	5.63	128.06	161.33	120.62	43.61	29.11	128.83	57.69	71.14	97.02	64.08	140.11	121.05	63.07	102.26	60.33	62.9	92.87	35.19	56.68	101.0	115.63	71.13	88.44	81.01	38.96	99.3	99.88	76.0	68.85	48.3	71.1
28	11.38	35.97	55.5	43.95	58.45	7.16	57.55	62.44	76.98	99.81	58.34	15.01	50.62	41.25	46.39	13.27	31.33	31.77	34.0	59.34	59.21	34.45	33.56	29.87	58.67	42.81	31.54	59.87	0.0	54.48	97.09	51.58	39.08	52.89	96.5	7.07	134.36	54.09	51.13	27.07	74.79	11.15	40.64	24.26	45.33	29.0	42.3	92.8	50.14	118.28	77.38	49.33	73.29	58.41	77.06	112.78	80.29	147.29	36.85	62.47	76.45	113.88	30.44	14.69	63.84	48.25	43.66	109.66	44.11	81.37	62.43	24.27	86.91	44.17	74.77	68.27	90.63	87.27	32.31	65.07	42.55	34.09	61.14	82.95	23.78	127.83	31.34	29.85	70.87	106.71	58.22	28.63	20.18	60.6	46.96	32.79	38.49	56.35	103.55	29.32	94.32	82.35	47.93	66.18	24.25	77.43	25.26	19.93	38.1	22.14	63.02	109.32	55.48	65.37	63.32	80.81	103.71	67.29	31.42	72.56	69.12	62.2	31.61	37.33	47.78	89.85	61.21	59.33	42.51	35.15	31.6	88.73	42.25	35.42	64.86	67.43	75.78	68.97	35.14	41.47	103.84	69.51	65.09	14.89	24.83	11.38
29	46.77	90.45	60.0	96.87	59.04	54.4	58.22	29.86	78.86	95.33	104.01	68.94	89.77	95.5	97.48	43.27	25.09	84.38	26.68	86.46	93.9	20.26	32.35	45.4	74.91	33.43	85.7	109.84	54.48	0.0	55.17	92.06	40.51	19.09	104.45	61.55	133.79	67.12	82.5	80.71	128.96	46.54	72.2	31.63	71.48	79.6	50.94	100.54	51.56	74.14	118.22	57.41	125.41	10.5	43.1	83.41	82.97	146.41	38.45	9.28	92.46	115.15	83.79	39.84	59.21	12.29	16.82	96.98	39.47	135.69	80.77	78.74	119.9	93.72	108.33	64.39	38.01	65.01	69.44	86.8	94.96	39.59	6.78	89.42	38.64	114.73	23.14	78.17	122.51	110.45	22.07	79.37	34.44	16.51	51.47	87.27	27.4	50.61	63.71	52.79	120.64	95.95	49.93	106.8	32.37	90.29	33.49	70.35	59.42	72.19	116.37	112.67	94.63	82.48	111.91	90.81	51.91	70.05	68.69	126.62	31.9	114.14	42.11	26.0	62.89	91.8	35.42	109.54	25.13	84.13	51.3	89.62	96.7	85.91	41.57	80.51	89.97	64.12	31.6	95.72	107.58	102.86	71.52	41.62	62.41	46.77
30	93.93	130.29	63.57	140.79	114.03	100.15	113.23	34.66	133.28	69.69	153.69	111.88	141.62	132.74	143.46	83.82	76.41	128.82	80.06	140.81	107.76	67.05	86.23	72.28	129.98	88.55	127.52	137.05	97.09	55.17	0.0	111.94	61.84	73.42	158.96	103.36	185.7	122.22	97.14	123.82	169.36	86.23	91.4	80.93	86.6	125.81	105.83	85.91	59.95	101.38	170.19	112.54	170.18	45.28	89.8	124.91	137.36	197.84	93.04	55.69	88.96	168.15	127.28	84.98	54.19	67.45	55.34	146.46	94.62	170.92	135.82	119.48	173.95	140.91	162.09	118.66	60.6	33.67	120.83	141.72	139.57	65.65	50.47	144.09	73.8	162.8	70.92	125.77	167.9	88.85	39.56	125.47	78.82	67.25	62.81	127.04	58.6	52.94	99.37	78.28	175.57	151.05	60.55	123.4	82.18	145.41	71.86	116.43	113.39	118.56	149.07	166.21	146.63	84.16	136.94	145.77	69.73	124.87	93.98	160.92	80.18	159.2	68.96	80.29	73.92	145.76	88.11	156.34	80.2	131.52	75.34	71.86	136.55	132.3	36.05	135.67	85.63	54.76	62.19	136.8	86.74	156.55	68.72	82.21	91.05	93.93
31	62.56	46.45	48.99	61.77	109.98	58.1	109.09	82.27	127.9	78.47	87.41	50.41	89.51	41.48	69.06	53.71	76.69	57.87	81.42	104.52	11.65	73.67	83.04	46.91	108.0	92.71	50.36	27.44	51.58	92.06	111.94	0.0	54.55	98.43	145.4	48.33	184.08	104.53	15.85	52.65	72.93	50.87	21.1	70.88	25.34	61.95	93.86	61.73	52.06	164.18	108.49	100.69	83.46	90.47	125.31	163.17	130.98	196.81	87.72	101.32	42.84	163.72	54.73	61.11	59.53	91.3	75.83	161.21	94.99	65.85	110.76	45.62	124.21	71.43	113.36	119.82	129.94	86.91	78.18	111.88	63.05	53.45	97.3	132.85	53.85	179.3	72.66	66.24	83.37	75.85	83.08	61.55	62.83	103.98	49.42	45.1	65.58	59.01	150.99	39.42	135.52	130.44	51.71	15.11	71.61	126.09	59.36	59.26	88.59	60.53	43.87	158.84	93.12	36.61	25.71	130.02	143.92	118.44	23.61	55.94	115.87	76.24	50.44	85.0	38.06	140.31	110.23	79.37	90.25	67.7	41.33	65.78	49.31	64.9	76.18	116.8	44.47	61.4	61.0	52.39	73.65	109.13	48.64	54.76	30.57	62.56
32	40.83	68.98	22.07	80.68	81.05	44.31	80.07	28.66	101.97	65.01	97.4	52.58	88.96	70.98	84.43	26.94	36.53	69.42	42.55	94.46	54.41	27.81	47.57	10.52	89.23	55.79	66.9	76.83	39.08	40.51	61.84	54.55	0.0	52.89	125.42	44.09	160.29	82.66	42.85	63.93	107.74	28.07	33.59	35.29	31.54	67.77	66.66	64.08	13.92	114.65	116.33	74.7	109.84	36.63	80.66	121.05	105.9	173.31	54.98	49.61	53.04	140.2	67.44	32.18	26.72	44.23	23.73	128.4	60.75	109.2	94.22	58.74	124.65	82.85	112.42	89.51	77.04	48.19	69.16	98.44	79.86	5.09	44.52	110.57	16.17	146.85	29.45	68.92	107.89	76.13	28.54	67.38	27.77	55.38	12.23	65.78	13.34	18.05	103.66	16.68	130.37	113.21	11.64	68.44	36.75	107.71	18.45	58.97	68.63	61.17	87.56	136.52	93.94	42.49	77.58	109.97	91.05	91.98	33.23	99.26	69.8	99.2	7.62	45.43	22.42	115.61	68.46	97.45	49.44	74.1	13.94	55.9	75.14	74.03	26.8	97.21	50.89	32.24	10.29	75.7	73.16	106.98	33.94	25.86	29.36	40.83
33	42.59	87.31	74.31	90.77	40.7	50.31	39.94	48.59	59.98	112.73	93.32	65.38	77.47	93.59	89.91	45.27	22.13	78.58	18.98	71.08	102.33	25.82	21.6	54.51	58.01	17.6	81.62	112.16	52.89	19.09	73.42	98.43	52.89	0.0	85.64	59.59	114.75	50.2	91.46	76.08	123.88	48.42	80.46	28.85	81.26	72.77	35.22	116.01	65.77	66.05	105.16	40.51	117.75	29.58	27.88	68.16	64.08	127.41	24.62	18.45	105.93	96.06	78.69	39.02	75.38	8.85	30.78	78.5	22.91	133.2	63.91	75.83	104.55	85.39	93.48	45.43	39.94	83.8	58.47	70.26	88.47	50.37	22.95	70.69	45.25	96.51	25.94	70.3	114.52	126.85	40.73	72.63	35.82	9.2	64.91	84.37	39.78	66.35	52.6	61.09	103.84	77.8	63.8	113.53	28.67	72.19	39.69	64.28	45.47	65.73	115.83	93.61	82.02	95.28	115.08	72.38	51.81	51.45	74.89	124.89	17.53	106.61	51.95	15.97	74.89	72.79	16.71	100.93	11.56	76.1	60.46	106.05	93.2	78.57	59.77	62.78	103.76	80.61	42.73	91.53	123.93	88.17	86.19	43.98	67.87	42.59
34	88.06	106.47	146.76	96.56	45.83	89.35	46.74	132.46	25.68	190.41	75.92	95.03	62.05	114.6	89.72	101.99	90.19	92.18	84.55	42.89	154.65	100.49	78.66	120.64	37.83	72.59	100.04	142.48	96.5	104.45	158.96	145.4	125.42	85.64	0.0	97.73	39.04	43.12	147.5	95.55	121.5	102.97	137.14	90.16	141.63	86.06	58.78	187.49	139.24	101.5	67.55	50.75	105.19	114.89	74.9	69.49	21.62	51.5	71.01	103.35	172.39	19.61	94.92	94.66	151.95	92.5	111.11	38.74	66.64	139.67	34.64	101.49	50.65	84.35	49.62	40.32	111.32	166.97	67.29	34.43	93.8	120.85	108.53	15.15	110.5	47.78	97.5	81.25	101.47	200.67	124.77	86.37	97.87	91.92	136.94	105.78	115.81	142.89	86.55	123.44	37.54	15.47	136.9	158.43	88.68	19.31	107.03	86.4	58.63	85.42	134.64	14.09	61.27	161.16	147.68	15.73	114.89	34.59	127.82	136.58	81.19	98.82	120.28	82.67	141.96	14.58	71.22	90.37	80.79	82.26	124.8	181.06	108.39	86.02	142.02	29.08	171.39	157.5	116.13	104.72	197.72	49.14	158.02	102.22	121.33	88.06
35	17.28	28.91	58.67	37.44	62.04	10.48	61.18	68.71	79.57	102.46	53.68	8.57	47.85	34.25	40.46	19.75	38.25	25.56	40.62	58.74	56.97	41.5	39.67	34.24	60.03	48.62	24.64	54.0	7.07	61.55	103.36	48.33	44.09	59.59	97.73	0.0	136.09	56.23	50.0	20.47	67.81	17.13	40.24	31.16	45.69	23.77	46.09	94.03	54.08	124.63	73.44	52.55	66.83	65.37	83.11	117.95	82.66	148.92	42.2	69.52	76.95	115.67	23.93	21.75	67.66	55.19	50.5	113.19	49.34	74.33	63.24	17.22	84.34	38.77	72.36	71.9	97.62	92.1	31.5	65.18	36.24	39.26	68.2	84.73	29.63	131.15	38.41	25.52	64.55	108.18	64.79	23.37	27.22	67.46	50.77	25.72	44.82	60.7	109.67	32.27	92.78	83.14	51.98	62.43	31.05	78.48	31.77	15.61	40.27	17.73	56.24	110.91	52.51	66.13	57.75	82.17	110.63	70.15	30.57	65.59	75.52	55.84	36.48	43.86	49.96	92.04	67.15	53.47	48.96	30.25	34.9	90.98	35.19	29.96	70.42	68.84	76.58	72.58	41.2	34.49	105.37	67.29	67.46	21.44	24.96	17.28
36	125.2	145.48	182.12	135.22	79.25	127.27	80.23	163.24	58.45	224.74	113.34	133.82	100.66	153.59	128.19	138.62	124.0	131.2	118.06	81.82	193.06	133.81	112.73	156.63	76.1	105.13	139.07	181.5	134.36	133.79	185.7	184.08	160.29	114.75	39.04	136.09	0.0	80.29	185.49	134.59	158.53	139.93	174.89	125.19	179.02	125.1	94.32	223.59	174.21	108.68	101.77	86.39	141.42	144.24	96.39	73.11	54.68	13.05	105.32	130.62	209.33	20.48	133.95	130.98	186.27	122.77	143.33	41.15	99.72	177.25	73.48	140.5	82.4	122.95	85.07	71.02	131.1	198.4	106.15	73.46	132.5	156.02	136.58	51.42	146.26	32.33	131.3	120.29	137.83	236.29	155.39	125.41	133.45	119.04	172.2	144.81	149.5	177.08	97.74	160.13	66.79	54.47	171.92	197.31	123.78	58.2	142.25	125.3	96.26	124.37	173.34	25.25	99.43	198.05	186.71	54.08	130.68	68.49	165.78	174.75	105.53	136.11	155.86	115.6	178.33	44.92	98.49	127.75	112.66	121.24	161.23	216.19	147.28	124.98	173.91	67.29	208.11	191.8	150.5	143.58	233.33	85.86	193.7	138.65	159.08	125.2
37	45.05	70.99	103.77	65.44	13.87	47.03	13.87	92.55	23.56	147.66	54.64	55.13	36.74	79.17	60.59	58.88	48.63	57.17	43.49	22.63	113.05	59.08	37.28	77.55	7.82	33.69	64.17	105.68	54.09	67.12	122.22	104.53	82.66	50.2	43.12	56.23	80.29	0.0	105.22	58.79	96.46	59.92	94.6	47.6	98.82	50.28	16.79	144.38	96.39	92.44	59.6	9.74	84.26	76.98	53.03	72.52	26.46	93.25	29.77	68.63	129.39	59.81	59.26	51.56	109.33	54.84	70.42	58.77	27.69	111.6	13.72	63.38	55.09	54.87	44.96	20.73	85.3	126.0	29.21	20.1	62.55	77.98	72.47	28.94	67.48	75.95	55.76	45.59	80.5	157.58	85.21	50.45	54.96	58.51	93.99	69.45	73.81	100.37	75.66	80.35	53.67	30.64	94.04	118.35	46.11	25.07	64.22	47.53	16.02	47.18	101.31	55.37	39.62	118.13	110.41	27.45	93.41	15.14	85.51	106.13	53.5	74.7	77.28	42.39	98.84	35.83	41.23	66.87	42.02	48.9	81.69	138.08	74.57	52.7	101.01	14.57	128.33	114.87	73.7	71.33	154.63	40.13	114.95	59.11	78.79	45.05
38	60.85	56.51	33.7	71.86	108.73	58.23	107.79	69.03	127.95	63.65	96.24	54.5	95.63	53.2	78.57	49.22	70.76	65.62	76.12	108.55	11.56	65.81	78.85	37.33	109.68	88.47	58.96	43.22	51.13	82.5	97.14	15.85	42.85	91.46	147.5	50.0	185.49	105.22	0.0	59.87	87.14	47.02	11.22	65.93	11.39	68.35	92.61	48.67	37.78	156.08	117.35	100.05	96.13	79.47	119.09	158.28	131.34	198.41	84.56	91.76	29.84	165.01	62.57	57.12	43.99	83.61	65.77	159.57	91.66	81.34	113.15	52.63	131.51	79.99	120.08	118.37	119.75	71.18	81.41	115.17	72.63	42.93	87.09	134.08	46.24	177.95	65.57	72.05	95.62	63.11	70.8	67.92	57.29	95.9	35.55	54.47	55.21	44.29	143.88	30.38	141.56	133.08	37.83	26.46	66.93	128.32	51.78	63.62	89.23	65.28	59.13	160.43	99.74	21.64	41.52	131.84	133.78	118.14	19.71	71.33	108.98	87.95	40.44	79.64	23.4	140.94	104.85	89.98	84.68	74.67	31.34	50.94	60.55	72.46	61.81	118.47	30.74	45.63	50.9	63.13	60.66	115.43	32.8	49.84	26.58	60.85
