param n:= 194 ;
param r:= 2 ;

param Tmax:= 1000 ;

param cant_clases:= 10 ;

param b:=
0 0
1 11.0
2 11.0
3 23.0
4 16.0
5 16.0
6 2.0
7 1.0
8 25.0
9 24.0
10 14.0
11 6.0
12 20.0
13 10.0
14 11.0
15 2.0
16 22.0
17 2.0
18 12.0
19 9.0
20 21.0
21 10.0
22 13.0
23 25.0
24 9.0
25 19.0
26 22.0
27 4.0
28 4.0
29 7.0
30 20.0
31 17.0
32 19.0
33 12.0
34 2.0
35 13.0
36 24.0
37 22.0
38 17.0
39 19.0
40 4.0
41 12.0
42 22.0
43 2.0
44 19.0
45 3.0
46 5.0
47 22.0
48 6.0
49 9.0
50 8.0
51 24.0
52 15.0
53 16.0
54 9.0
55 1.0
56 18.0
57 17.0
58 18.0
59 2.0
60 25.0
61 21.0
62 19.0
63 10.0
64 2.0
65 21.0
66 20.0
67 21.0
68 2.0
69 6.0
70 2.0
71 12.0
72 12.0
73 5.0
74 5.0
75 8.0
76 15.0
77 8.0
78 7.0
79 14.0
80 18.0
81 17.0
82 5.0
83 6.0
84 9.0
85 24.0
86 13.0
87 5.0
88 4.0
89 22.0
90 24.0
91 25.0
92 9.0
93 8.0
94 8.0
95 25.0
96 7.0
97 24.0
98 16.0
99 15.0
100 7.0
101 17.0
102 9.0
103 14.0
104 20.0
105 6.0
106 17.0
107 23.0
108 14.0
109 19.0
110 21.0
111 6.0
112 1.0
113 22.0
114 7.0
115 14.0
116 7.0
117 25.0
118 17.0
119 10.0
120 23.0
121 22.0
122 3.0
123 14.0
124 14.0
125 2.0
126 2.0
127 21.0
128 10.0
129 10.0
130 5.0
131 9.0
132 15.0
133 19.0
134 7.0
135 11.0
136 2.0
137 25.0
138 14.0
139 15.0
140 12.0
141 11.0
142 17.0
143 4.0
144 24.0
145 8.0
146 20.0
147 12.0
148 10.0
149 12.0
150 9.0
151 16.0
152 23.0
153 15.0
154 10.0
155 21.0
156 2.0
157 16.0
158 15.0
159 11.0
160 11.0
161 17.0
162 3.0
163 9.0
164 1.0
165 13.0
166 1.0
167 2.0
168 22.0
169 10.0
170 4.0
171 9.0
172 11.0
173 3.0
174 19.0
175 19.0
176 4.0
177 19.0
178 15.0
179 21.0
180 25.0
181 4.0
182 3.0
183 6.0
184 6.0
185 21.0
186 25.0
187 10.0
188 25.0
189 19.0
190 19.0
191 22.0
192 5.0
193 0
;

param o:=
0 0
1 394
2 243
3 123
4 104
5 467
6 198
7 240
8 193
9 312
10 130
11 313
12 189
13 308
14 380
15 472
16 227
17 360
18 343
19 440
20 76
21 379
22 295
23 81
24 417
25 75
26 447
27 120
28 77
29 172
30 140
31 71
32 147
33 412
34 156
35 107
36 268
37 251
38 128
39 144
40 120
41 114
42 327
43 349
44 229
45 308
46 226
47 115
48 408
49 73
50 180
51 146
52 461
53 165
54 310
55 70
56 196
57 127
58 394
59 412
60 444
61 346
62 326
63 106
64 453
65 478
66 324
67 465
68 476
69 139
70 444
71 65
72 317
73 167
74 260
75 289
76 144
77 270
78 377
79 112
80 185
81 176
82 324
83 273
84 172
85 123
86 381
87 477
88 196
89 222
90 207
91 104
92 468
93 417
94 146
95 345
96 386
97 173
98 167
99 188
100 289
101 423
102 222
103 121
104 425
105 212
106 345
107 124
108 75
109 221
110 68
111 322
112 197
113 147
114 88
115 128
116 347
117 439
118 318
119 477
120 375
121 414
122 196
123 342
124 184
125 308
126 409
127 123
128 479
129 131
130 152
131 158
132 322
133 345
134 429
135 226
136 296
137 197
138 369
139 473
140 372
141 401
142 424
143 393
144 453
145 92
146 254
147 66
148 233
149 249
150 144
151 295
152 478
153 128
154 463
155 379
156 257
157 154
158 456
159 242
160 217
161 353
162 118
163 207
164 137
165 195
166 142
167 78
168 411
169 284
170 327
171 64
172 335
173 418
174 259
175 183
176 331
177 329
178 138
179 236
180 130
181 159
182 91
183 368
184 462
185 259
186 479
187 99
188 302
189 298
190 255
191 455
192 134
193 0
;

param e:=
0 0
1 6.0
2 16.0
3 7.0
4 20.0
5 7.0
6 8.0
7 4.0
8 23.0
9 4.0
10 5.0
11 15.0
12 12.0
13 12.0
14 18.0
15 19.0
16 17.0
17 2.0
18 15.0
19 10.0
20 3.0
21 24.0
22 1.0
23 22.0
24 22.0
25 17.0
26 7.0
27 11.0
28 4.0
29 15.0
30 15.0
31 9.0
32 15.0
33 1.0
34 13.0
35 17.0
36 17.0
37 25.0
38 5.0
39 25.0
40 2.0
41 9.0
42 7.0
43 5.0
44 3.0
45 17.0
46 12.0
47 21.0
48 18.0
49 8.0
50 14.0
51 22.0
52 16.0
53 21.0
54 7.0
55 12.0
56 2.0
57 5.0
58 3.0
59 11.0
60 2.0
61 7.0
62 20.0
63 7.0
64 11.0
65 24.0
66 15.0
67 5.0
68 25.0
69 12.0
70 22.0
71 11.0
72 16.0
73 10.0
74 3.0
75 10.0
76 17.0
77 2.0
78 21.0
79 16.0
80 6.0
81 12.0
82 23.0
83 23.0
84 18.0
85 18.0
86 14.0
87 2.0
88 11.0
89 24.0
90 14.0
91 3.0
92 21.0
93 8.0
94 19.0
95 7.0
96 19.0
97 23.0
98 8.0
99 18.0
100 7.0
101 1.0
102 9.0
103 5.0
104 23.0
105 18.0
106 5.0
107 17.0
108 9.0
109 19.0
110 20.0
111 1.0
112 18.0
113 15.0
114 10.0
115 8.0
116 14.0
117 15.0
118 17.0
119 9.0
120 13.0
121 18.0
122 20.0
123 8.0
124 2.0
125 7.0
126 6.0
127 12.0
128 12.0
129 25.0
130 6.0
131 5.0
132 20.0
133 2.0
134 25.0
135 7.0
136 6.0
137 21.0
138 19.0
139 22.0
140 8.0
141 19.0
142 6.0
143 24.0
144 15.0
145 25.0
146 6.0
147 21.0
148 4.0
149 10.0
150 16.0
151 12.0
152 13.0
153 2.0
154 3.0
155 10.0
156 18.0
157 18.0
158 11.0
159 7.0
160 18.0
161 15.0
162 5.0
163 20.0
164 9.0
165 22.0
166 13.0
167 24.0
168 4.0
169 16.0
170 16.0
171 14.0
172 14.0
173 25.0
174 23.0
175 23.0
176 4.0
177 17.0
178 12.0
179 11.0
180 24.0
181 22.0
182 10.0
183 10.0
184 10.0
185 5.0
186 13.0
187 18.0
188 25.0
189 12.0
190 18.0
191 9.0
192 23.0
193 0
;

param c:=
0 1000
1 503
2 354
3 249
4 225
5 616
6 324
7 386
8 369
9 442
10 250
11 457
12 301
13 407
14 471
15 600
16 373
17 472
18 462
19 556
20 250
21 516
22 454
23 244
24 515
25 200
26 548
27 233
28 224
29 330
30 312
31 216
32 258
33 548
34 315
35 249
36 438
37 423
38 283
39 268
40 228
41 284
42 441
43 482
44 357
45 415
46 353
47 225
48 526
49 198
50 315
51 256
52 556
53 328
54 400
55 229
56 363
57 244
58 490
59 589
60 584
61 514
62 428
63 280
64 546
65 589
66 430
67 615
68 613
69 247
70 538
71 237
72 479
73 344
74 397
75 460
76 256
77 383
78 501
79 285
80 343
81 297
82 429
83 435
84 315
85 302
86 475
87 586
88 287
89 327
90 330
91 275
92 638
93 574
94 251
95 508
96 483
97 265
98 305
99 279
100 449
101 522
102 391
103 258
104 578
105 318
106 438
107 222
108 176
109 378
110 181
111 476
112 359
113 282
114 187
115 230
116 512
117 563
118 423
119 585
120 490
121 526
122 349
123 435
124 345
125 451
126 510
127 228
128 655
129 222
130 277
131 291
132 474
133 496
134 539
135 318
136 421
137 338
138 480
139 633
140 548
141 545
142 599
143 504
144 614
145 249
146 402
147 230
148 372
149 411
150 243
151 409
152 647
153 246
154 576
155 545
156 429
157 252
158 603
159 370
160 375
161 519
162 281
163 334
164 298
165 332
166 283
167 230
168 574
169 430
170 422
171 173
172 439
173 535
174 422
175 334
176 471
177 460
178 281
179 414
180 223
181 302
182 190
183 501
184 597
185 404
186 633
187 218
188 429
189 429
190 419
191 588
192 231
193 1000
;

param t
:	0	1	2	3	4	5	6	7	8	9	10	11	12	13	14	15	16	17	18	19	20	21	22	23	24	25	26	27	28	29	30	31	32	33	34	35	36	37	38	39	40	41	42	43	44	45	46	47	48	49	50	51	52	53	54	55	56	57	58	59	60	61	62	63	64	65	66	67	68	69	70	71	72	73	74	75	76	77	78	79	80	81	82	83	84	85	86	87	88	89	90	91	92	93	94	95	96	97	98	99	100	101	102	103	104	105	106	107	108	109	110	111	112	113	114	115	116	117	118	119	120	121	122	123	124	125	126	127	128	129	130	131	132	133	134	135	136	137	138	139	140	141	142	143	144	145	146	147	148	149	150	151	152	153	154	155	156	157	158	159	160	161	162	163	164	165	166	167	168	169	170	171	172	173	174	175	176	177	178	179	180	181	182	183	184	185	186	187	188	189	190	191	192	193 :=
0	0.0	72.42	73.84	37.8	85.02	63.74	53.35	39.55	52.11	36.12	16.88	92.21	21.16	24.61	19.11	32.73	28.09	59.02	21.08	48.45	110.74	98.16	12.02	72.0	35.99	52.93	63.44	3.83	40.89	51.9	81.95	59.65	44.9	30.47	25.25	84.86	28.87	57.32	30.72	36.97	94.6	46.79	49.89	67.71	54.27	83.34	75.54	38.79	104.69	40.61	29.8	59.79	53.57	41.91	52.76	90.08	44.75	82.81	43.97	47.68	63.0	55.42	13.98	37.63	38.2	43.44	12.9	38.63	22.14	11.16	23.51	31.74	35.21	59.08	34.69	87.05	74.58	13.92	69.28	47.64	43.75	43.75	27.59	44.37	42.9	63.74	77.45	71.96	46.51	35.24	32.3	12.64	65.1	17.27	47.48	56.28	56.98	50.43	17.48	24.78	61.97	41.81	68.33	77.81	31.41	92.92	11.16	63.33	62.55	42.89	51.64	90.57	45.11	4.78	67.15	12.74	61.45	45.75	109.81	65.4	75.78	36.37	80.92	36.64	42.32	50.27	97.34	78.19	43.8	50.08	33.65	36.37	59.23	49.0	27.51	15.23	44.19	39.35	12.55	33.23	56.15	61.18	60.28	42.63	45.29	39.91	78.2	77.85	11.22	57.55	48.34	47.07	29.21	35.06	9.56	37.95	57.73	36.48	93.97	87.16	47.03	22.94	47.43	41.0	44.43	35.31	90.84	40.05	32.66	56.36	86.68	28.22	103.88	40.36	32.14	51.8	40.56	35.84	47.39	89.09	19.27	87.0	45.35	72.36	72.91	58.59	13.89	41.94	34.57	34.84	19.01	72.09	67.74	0.0
1	72.42	0.0	145.1	102.03	20.43	128.45	62.52	111.53	49.05	88.46	63.58	149.8	89.52	96.24	89.27	72.43	79.14	40.9	66.66	84.45	42.53	163.74	61.71	25.4	62.03	123.73	62.37	70.27	58.73	63.13	153.63	13.08	102.47	42.95	75.33	152.16	50.02	45.95	97.85	76.6	34.67	54.66	92.18	63.29	41.79	35.67	147.95	73.71	90.71	53.27	79.05	19.62	53.92	63.44	66.17	105.16	87.22	153.71	105.46	97.97	134.64	78.46	69.48	53.9	63.72	105.62	84.04	81.55	79.33	61.77	95.82	83.48	107.26	126.88	106.89	101.93	136.87	65.78	52.14	113.68	114.38	116.14	86.08	55.62	59.1	67.31	6.08	42.55	31.89	100.93	60.07	78.37	43.74	66.64	53.78	127.0	58.25	97.01	61.92	48.44	52.85	34.72	62.37	61.97	88.73	25.83	82.09	119.36	132.67	81.38	123.21	140.12	38.74	69.23	64.74	59.84	133.63	109.97	142.62	35.3	12.75	82.45	150.97	104.14	53.35	113.36	124.21	80.29	102.63	99.57	82.42	107.45	72.26	107.87	60.77	84.23	61.65	104.9	84.79	83.2	16.27	108.29	131.56	37.6	47.95	98.51	54.34	17.16	78.69	125.37	120.76	29.36	94.71	65.13	71.41	110.17	73.97	95.94	29.49	94.51	61.52	74.34	69.74	41.02	34.62	99.32	89.85	81.32	40.85	58.8	31.84	45.79	175.76	107.82	102.78	50.15	111.41	87.78	109.51	79.23	75.98	144.88	29.37	144.76	55.44	40.01	80.82	41.04	102.92	72.22	84.99	85.76	129.38	72.42
2	73.84	145.1	0.0	64.84	154.76	30.73	103.83	41.55	111.16	64.87	87.73	89.13	55.68	49.26	62.1	80.04	83.93	121.15	80.12	100.15	184.53	36.64	85.69	139.22	102.66	41.31	113.57	76.81	96.59	102.11	9.17	132.77	53.27	102.16	84.98	23.45	101.82	117.22	61.53	94.34	168.33	103.6	73.24	117.41	116.69	147.9	20.53	98.19	144.97	100.13	71.63	129.84	122.16	107.19	100.68	138.18	73.88	42.1	69.0	85.68	11.1	93.25	82.11	97.85	103.7	46.25	64.89	74.91	67.74	84.99	52.54	67.81	44.29	52.71	43.76	110.87	36.38	84.67	125.48	58.91	30.74	34.57	62.26	101.18	97.73	127.42	149.62	132.83	115.69	46.35	90.38	72.86	125.45	86.07	104.69	18.24	109.94	90.55	89.02	96.68	117.82	111.63	118.65	129.33	61.16	166.68	66.64	80.55	43.09	96.54	37.24	102.39	111.45	77.92	115.89	85.73	27.82	40.95	102.72	129.35	146.37	72.19	46.58	58.27	101.22	65.49	103.23	137.86	73.53	87.08	86.05	37.7	120.13	73.49	96.5	66.84	96.86	61.78	62.67	84.87	128.99	65.97	36.57	110.51	106.58	74.08	133.95	151.66	66.41	52.69	30.19	117.25	51.77	87.91	73.69	36.47	99.41	73.15	162.74	141.26	112.9	73.34	109.14	107.72	113.11	48.91	126.57	93.59	106.45	109.02	153.09	99.36	31.09	57.04	42.33	110.28	33.7	65.51	67.59	132.06	70.44	50.14	116.35	21.29	127.55	121.18	70.66	114.92	57.08	81.56	69.15	105.67	38.1	73.84
3	37.8	102.03	64.84	0.0	117.94	71.67	90.79	24.14	89.84	64.91	38.77	54.47	42.58	34.82	20.01	68.13	24.22	96.26	58.14	35.63	134.28	98.79	43.11	107.13	44.51	26.56	101.05	37.23	78.53	89.27	69.87	89.0	66.64	65.02	27.34	84.38	52.06	94.92	8.05	32.23	115.53	84.57	79.91	105.35	91.57	119.28	56.04	36.32	141.95	78.41	62.62	93.58	62.93	47.2	89.85	73.92	75.97	53.96	7.06	21.2	54.48	90.66	33.26	75.43	44.46	61.05	25.94	71.32	54.07	44.02	25.08	62.54	23.18	25.15	24.41	120.79	83.45	37.11	107.02	11.7	45.7	31.13	55.82	82.13	80.51	64.65	107.77	109.15	81.73	51.9	69.92	26.2	102.51	35.54	85.27	53.39	94.69	26.03	40.45	59.8	99.76	76.93	106.02	115.59	58.72	117.44	27.16	26.95	32.88	32.71	28.88	54.92	81.77	37.8	104.7	48.4	40.6	59.88	135.5	102.04	108.26	68.39	50.13	6.76	80.12	12.51	126.58	73.49	9.83	22.94	23.68	40.42	56.69	13.02	42.07	22.63	81.61	3.45	28.7	22.5	86.45	86.08	34.53	78.8	82.95	9.26	115.9	102.4	42.38	23.7	34.9	81.55	49.43	72.06	46.09	34.57	93.96	8.66	127.36	76.42	52.55	57.49	46.86	77.73	80.09	54.22	127.22	30.11	61.68	94.05	121.73	63.56	88.55	8.11	40.32	89.57	43.26	64.98	9.72	126.42	52.98	98.69	79.22	52.66	110.69	95.75	24.25	62.96	8.77	70.36	19.08	107.37	78.83	37.8
4	85.02	20.43	154.76	117.94	0.0	134.81	60.93	124.57	48.35	93.74	79.18	167.77	99.33	107.28	103.21	77.24	96.2	38.05	74.66	103.55	47.27	169.49	75.7	17.43	80.61	137.72	57.34	83.55	61.37	62.04	163.62	30.9	107.8	54.55	92.21	159.03	66.86	43.32	112.94	94.92	47.82	55.53	94.21	56.84	41.12	19.84	159.9	92.35	77.04	56.54	84.95	25.29	74.1	82.65	64.89	125.59	89.98	167.71	122.03	116.06	144.82	77.25	84.75	58.17	82.54	112.17	97.48	85.34	87.21	75.32	108.46	89.3	120.23	142.22	119.66	95.13	141.94	80.92	44.36	129.38	124.16	128.43	93.32	57.29	61.06	87.7	14.99	33.22	39.2	109.0	65.38	92.94	37.7	82.45	54.46	136.52	55.34	115.51	77.5	60.24	48.01	43.58	55.63	51.85	95.33	35.95	95.57	137.18	147.08	100.1	136.65	159.09	43.5	82.62	58.61	72.32	146.35	116.98	137.99	29.85	9.76	86.94	165.49	119.26	55.98	129.77	118.94	100.69	119.61	117.8	100.01	117.74	92.46	124.98	78.16	98.38	63.08	120.57	97.57	100.68	32.21	110.01	145.24	44.24	50.2	115.41	43.18	34.86	89.24	140.68	132.84	38.08	103.15	69.29	81.99	121.52	71.65	112.59	9.61	114.91	81.2	81.74	89.29	47.08	41.71	106.92	79.86	99.74	56.35	56.11	13.48	56.88	185.79	123.02	112.94	49.47	121.41	93.04	126.05	67.98	84.34	147.99	39.67	156.85	46.45	37.51	95.3	59.79	117.76	76.44	99.91	80.57	134.49	85.02
5	63.74	128.45	30.73	71.67	134.81	0.0	78.69	48.51	88.13	41.14	80.24	110.46	42.6	41.95	60.1	57.6	83.29	98.59	61.83	102.91	170.01	35.36	75.45	118.17	98.32	56.95	87.55	67.44	73.91	77.06	38.95	117.24	27.3	86.51	82.81	24.32	92.43	94.04	65.42	94.17	155.96	80.48	45.42	91.03	94.56	125.11	49.1	97.38	115.65	78.37	49.9	111.07	116.95	103.82	75.13	144.36	47.41	69.67	77.81	92.43	29.0	65.94	75.79	76.64	100.08	22.84	59.84	50.27	49.27	74.14	50.08	45.52	48.54	70.09	47.26	80.5	11.83	77.12	100.5	70.65	25.97	42.54	42.38	78.32	74.61	125.54	132.14	109.11	97.12	28.77	69.48	68.13	101.92	79.72	81.6	22.11	84.99	97.08	81.07	81.72	93.19	93.78	92.35	102.8	39.77	152.22	61.01	94.34	63.21	98.18	52.12	120.05	91.53	68.48	89.34	73.02	48.7	18.67	73.64	107.1	127.38	48.19	72.87	65.09	79.1	77.39	72.68	138.48	81.48	94.4	87.12	31.98	119.62	83.47	90.53	63.36	73.14	69.6	56.36	86.09	113.13	35.74	56.31	91.52	84.82	80.38	108.41	137.89	53.4	69.43	40.96	99.28	35.1	65.62	59.69	37.11	72.39	78.25	141.87	144.79	109.36	54.11	107.79	88.31	94.39	29.59	97.05	95.01	93.87	84.06	131.07	83.5	57.85	65.69	33.99	87.12	28.55	41.83	78.0	103.52	52.81	27.09	99.08	48.49	101.98	98.81	66.62	105.3	62.91	58.57	67.42	76.62	8.37	63.74
6	53.35	62.52	103.83	90.79	60.93	78.69	0.0	85.52	13.47	38.96	61.16	145.25	54.59	64.6	71.07	25.11	79.02	22.94	32.67	96.68	104.33	111.59	53.02	43.51	76.37	100.34	10.56	54.88	12.71	1.74	113.0	56.51	51.59	38.92	75.25	102.84	59.96	17.63	83.25	84.86	96.49	9.72	34.47	14.86	20.82	47.42	114.34	84.91	51.36	15.48	33.28	42.91	84.87	81.81	3.97	134.16	31.36	127.9	97.22	100.14	95.7	16.36	63.2	17.83	79.13	57.8	64.92	28.96	40.05	51.24	70.62	36.44	81.51	109.43	80.38	42.32	83.81	60.32	21.84	99.64	75.7	86.48	43.02	10.82	10.67	99.49	63.7	30.88	33.8	58.18	21.12	65.86	24.15	64.0	10.05	86.39	6.32	102.22	60.17	40.03	14.58	34.38	15.78	26.32	43.13	88.33	63.63	116.69	110.26	91.32	97.48	143.82	26.24	54.7	13.97	46.01	103.97	63.08	80.28	31.12	56.1	31.64	127.64	88.6	13.97	103.11	62.3	115.42	97.15	102.49	84.57	71.34	98.94	102.34	68.51	68.21	9.18	91.95	62.62	84.5	52.58	49.61	106.06	29.43	16.5	93.23	30.12	77.6	49.31	107.97	89.79	36.99	54.05	18.98	44.71	77.62	11.47	89.81	66.09	127.75	84.55	34.97	89.32	26.63	31.81	55.29	38.86	89.14	51.2	5.4	54.1	37.49	134.45	92.09	66.82	12.37	73.83	38.32	100.49	35.74	39.42	87.96	39.12	111.89	23.73	23.58	67.24	65.58	86.21	23.13	72.34	25.17	76.63	53.35
7	39.55	111.53	41.55	24.14	124.57	48.51	85.52	0.0	88.19	51.93	49.51	66.15	31.13	21.05	22.75	60.63	42.66	96.55	54.4	58.74	148.06	74.68	49.84	111.2	62.07	14.84	96.07	41.31	74.72	83.82	47.62	98.58	49.11	70.02	44.09	60.26	64.02	93.96	19.99	52.86	130.56	81.59	66.11	100.37	91.77	122.03	37.07	56.77	134.58	76.3	53.17	99.32	81.53	66.2	83.58	98.05	63.47	43.59	29.6	45.33	30.79	81.1	43.51	73.45	62.86	42.21	27.5	60.58	45.54	49.78	16.19	51.43	4.36	25.73	5.19	108.16	60.11	46.74	104.83	22.33	22.93	7.08	44.16	79.01	76.45	85.97	116.74	109.35	85.86	34.3	66.59	34.04	102.14	47.19	82.51	29.27	90.57	50.16	51.02	64.33	97.11	81.23	101.3	111.69	45.81	130.5	29.45	46.03	24.75	55.0	12.31	72.65	83.72	42.33	99.33	52.28	22.14	39.63	116.5	103.68	115.33	57.41	42.43	17.37	77.83	28.96	109.93	96.35	33.63	47.04	44.52	19.72	78.6	35.07	56.85	27.87	76.74	21.55	27.0	43.33	95.29	68.49	21.06	81.64	82.02	33.33	113.84	115.28	37.29	24.53	11.4	86.58	34.5	66.73	43.82	12.25	85.73	31.96	133.47	100.22	71.89	50.57	67.71	79.63	83.66	37.28	118.07	52.05	70.93	89.78	125.82	67.72	68.01	17.29	21.91	87.63	21.19	52.24	29.51	119.62	46.19	75.59	84.9	33.73	107.94	96.28	31.62	76.69	15.76	62.77	28.85	97.09	56.13	39.55
8	52.11	49.05	111.16	89.84	48.35	88.13	13.47	88.19	0.0	47.16	56.2	144.08	58.46	68.01	70.97	31.15	74.87	10.55	33.79	90.72	90.92	122.08	48.76	30.99	68.99	102.76	16.2	52.72	14.56	14.17	120.27	43.41	60.83	30.53	70.87	112.44	52.06	6.07	82.82	79.19	83.1	7.65	45.91	19.29	7.44	37.03	119.74	78.64	56.3	11.89	39.53	29.45	75.03	73.98	17.19	125.97	41.9	131.51	95.78	96.43	102.23	29.61	59.39	14.78	71.71	66.15	64.68	37.89	44.31	47.25	72.44	43.48	83.97	110.58	83.0	54.57	94.34	56.03	17.18	99.69	81.68	90.19	48.97	9.98	13.56	89.98	50.3	21.75	21.38	64.83	21.71	63.89	14.35	59.37	6.54	93.21	10.03	97.92	54.94	33.31	10.27	23.03	19.21	26.53	50.05	74.86	63.11	114.54	112.68	85.61	100.44	140.82	14.32	52.27	19.8	42.22	108.13	71.27	93.68	19.1	42.91	39.96	130.62	88.64	10.39	102.34	75.53	105.83	95.06	98.69	80.21	76.4	90.35	100.44	61.9	67.34	15.06	91.46	63.09	80.32	39.6	61.67	109.18	18.07	7.08	90.95	26.1	64.26	50.93	109.08	93.96	24.52	59.8	23.25	44.91	81.85	24.93	87.59	54.28	118.7	76.01	38.7	81.63	16.17	19.85	62.25	47.49	83.77	42.0	10.3	42.99	30.01	142.14	92.3	71.65	1.14	79.42	46.48	99.35	41.05	42.57	99.72	27.01	117.06	20.94	10.92	65.65	55.55	86.45	29.8	70.84	37.66	86.98	52.11
9	36.12	88.46	64.87	64.91	93.74	41.14	38.96	51.93	47.16	0.0	52.05	116.85	22.4	31.56	45.66	16.5	63.49	57.55	23.5	84.23	130.64	75.82	44.65	77.03	71.32	66.42	48.8	39.71	32.81	37.24	74.04	78.06	14.11	48.4	61.1	65.44	60.17	53.15	56.87	72.99	118.07	39.51	15.01	52.74	53.44	84.2	76.18	74.9	83.66	37.24	9.57	70.4	87.12	77.34	35.85	126.13	11.55	91.47	71.96	80.68	56.94	30.0	50.09	35.6	73.73	19.03	41.16	10.08	14.13	42.81	40.4	5.33	48.66	77.51	47.28	56.52	48.51	49.47	60.65	70.64	37.56	50.99	9.24	37.27	33.61	98.84	91.75	68.49	56.71	19.89	28.62	46.74	61.19	53.13	40.62	47.55	45.08	84.23	52.15	44.6	53.05	53.8	53.93	64.65	6.27	113.08	40.96	91.82	75.99	78.72	62.75	119.8	50.68	40.36	51.3	39.51	67.25	24.24	73.77	66.03	86.52	7.34	92.07	60.52	37.97	75.75	62.32	113.8	73.57	83.06	68.81	34.49	95.0	77.83	62.56	45.45	32.35	64.8	37.47	68.2	73.85	25.27	70.79	51.02	43.68	70.55	69.08	99.4	25.55	76.22	53.46	59.11	17.49	24.48	27.66	41.72	35.5	67.33	100.73	123.22	82.09	16.06	83.33	47.7	53.96	16.78	66.48	75.77	58.08	44.17	90.0	45.41	95.54	63.27	30.63	46.2	36.16	0.7	74.23	69.35	17.58	56.93	59.3	73.96	62.68	57.73	46.7	71.62	57.87	17.44	50.47	45.3	41.01	36.12
10	16.88	63.58	87.73	38.77	79.18	80.24	61.16	49.51	56.2	52.05	0.0	90.24	37.84	39.56	26.76	45.37	18.84	60.51	32.69	35.66	98.56	114.2	8.4	68.92	19.3	60.51	70.18	13.05	48.52	60.01	95.29	50.51	61.67	27.56	14.75	100.61	14.51	60.29	34.27	23.77	81.16	52.82	64.89	74.19	56.12	81.46	86.57	24.34	111.81	46.34	44.59	55.02	36.77	25.31	61.59	75.48	59.46	90.33	43.04	40.43	76.68	66.94	6.04	43.58	21.68	60.31	22.88	52.92	37.92	10.35	35.3	47.26	45.5	63.34	45.46	99.03	91.26	3.15	72.9	50.28	58.77	55.13	44.01	50.81	50.54	47.0	69.21	72.99	44.0	51.98	40.71	15.46	67.01	3.39	53.21	70.95	63.32	41.72	1.68	23.19	66.47	39.27	74.52	82.73	47.85	81.06	21.09	59.83	69.19	30.22	60.47	85.0	45.44	12.13	74.03	15.4	71.53	62.49	125.15	65.13	69.49	51.13	87.42	40.55	48.06	50.66	111.65	61.76	41.07	42.64	24.04	51.3	42.97	46.53	10.66	21.64	52.53	41.47	25.2	24.21	47.78	77.3	68.51	41.99	49.13	36.82	81.32	65.84	28.04	61.82	59.9	43.39	46.05	45.18	24.4	51.27	67.92	33.77	88.62	71.46	30.25	37.27	31.43	41.7	42.73	52.16	99.93	27.98	22.94	62.9	83.4	26.85	116.73	44.24	47.55	56.23	55.53	51.69	47.01	96.23	34.56	103.86	40.86	83.23	76.92	59.84	17.9	27.33	39.38	47.2	21.52	83.0	84.51	16.88
11	92.21	149.8	89.13	54.47	167.77	110.46	145.25	66.15	144.08	116.85	90.24	0.0	94.67	85.31	74.24	122.16	71.93	149.99	112.58	66.8	174.92	125.39	96.19	159.01	87.83	53.95	155.52	91.37	133.0	143.71	88.41	137.31	115.26	117.69	76.04	112.57	101.02	148.99	62.04	73.21	154.95	138.99	131.55	159.82	145.39	171.67	69.98	76.27	196.31	132.78	116.04	144.79	100.63	87.24	144.22	78.15	128.31	50.96	48.3	51.82	83.53	144.35	85.67	129.8	86.34	108.31	80.34	124.4	107.62	97.4	76.67	115.34	68.66	40.94	70.11	173.36	120.78	89.39	161.25	46.34	87.63	69.79	108.24	136.57	134.98	94.27	155.83	162.76	134.23	100.39	124.39	80.2	156.36	86.85	139.68	88.43	149.15	53.07	91.82	112.88	154.09	129.49	160.48	170.01	110.59	160.01	81.62	30.62	47.4	68.82	58.68	19.92	135.18	91.82	159.16	102.14	62.63	105.42	182.04	155.22	158.02	121.33	44.93	57.04	134.5	42.15	176.08	93.93	49.32	50.26	67.79	85.81	85.9	43.85	89.63	77.1	136.06	53.37	82.82	67.17	135.58	134.63	54.35	131.95	137.12	53.54	170.06	146.07	96.45	41.9	70.02	133.58	99.89	126.45	100.54	78.14	148.03	56.78	177.37	87.95	90.61	111.51	82.45	131.24	132.9	103.3	181.21	68.55	111.99	148.52	173.31	116.64	96.46	53.87	87.96	143.85	86.67	117.04	44.81	180.83	106.95	136.25	130.96	68.22	164.99	149.42	78.47	108.78	59.59	124.4	73.28	160.93	118.76	92.21
12	21.16	89.52	55.68	42.58	99.33	42.6	54.59	31.13	58.46	22.4	37.84	94.67	0.0	10.08	23.84	29.57	44.29	67.61	25.22	65.06	129.66	77.25	32.88	84.31	56.48	45.96	65.13	24.9	44.39	52.88	64.39	77.38	25.9	46.58	42.76	64.25	49.86	64.42	34.56	54.7	114.47	51.42	37.37	69.4	62.92	93.95	61.5	57.32	103.5	46.71	22.07	74.26	74.62	62.22	52.52	107.34	33.7	73.41	49.63	59.31	45.51	50.22	33.87	44.06	58.48	22.83	20.4	29.87	14.55	31.63	18.04	20.73	27.35	56.05	26.1	78.76	53.43	34.76	74.56	48.37	24.94	31.96	13.57	48.85	45.99	84.11	93.96	80.07	60.15	14.14	36.77	27.64	72.72	37.66	52.41	37.5	59.86	63.17	38.58	41.21	66.78	56.0	70.37	80.87	16.17	111.78	20.81	69.45	55.83	59.77	42.92	97.42	56.39	25.92	68.3	31.04	49.73	24.65	94.1	75.34	90.77	26.74	73.05	38.12	48.09	53.36	84.14	97.96	51.45	61.64	49.14	18.45	78.93	55.55	48.33	24.66	46.01	42.4	16.51	48.35	73.5	44.46	51.47	55.12	52.85	48.63	83.51	97.0	11.15	54.68	35.54	61.62	8.53	36.06	18.2	23.4	54.64	45.52	107.56	105.83	67.58	19.89	67.02	52.51	57.62	14.65	87.25	56.66	52.1	59.04	98.55	43.73	86.57	40.93	13.63	57.77	22.1	22.52	51.84	88.5	15.9	66.16	60.67	58.71	77.45	67.47	26.85	62.8	35.48	31.68	29.61	66.51	46.67	21.16
13	24.61	96.24	49.26	34.82	107.28	41.95	64.6	21.05	68.01	31.56	39.56	85.31	10.08	0.0	18.62	39.62	41.47	76.87	34.37	61.58	135.27	74.82	36.55	92.83	56.71	35.88	75.15	27.74	54.16	62.9	57.51	83.72	31.82	53.45	40.87	61.08	53.06	73.9	27.07	52.31	119.2	61.13	46.25	79.43	72.13	102.94	52.72	55.46	113.54	56.17	32.12	82.04	75.73	62.05	62.58	103.59	43.07	63.57	41.82	53.39	38.51	60.16	34.5	53.43	58.34	26.61	17.93	39.7	24.56	35.77	9.79	30.54	17.35	46.15	16.06	88.07	53.54	36.42	84.34	39.23	19.27	22.18	23.28	58.56	55.81	83.66	100.99	89.48	68.1	17.26	46.29	26.28	82.17	38.51	62.1	31.7	69.8	57.63	40.66	47.85	76.57	63.72	80.39	90.85	25.31	117.43	19.21	61.25	45.76	56.62	32.88	89.08	64.97	28.86	78.35	36.55	40.16	26.41	100.7	84.39	98.44	36.55	63.06	29.59	57.62	44.66	92.01	96.55	44.24	55.61	45.61	11.81	77.67	47.81	49.33	21.43	55.94	34.1	14.63	44.65	80.03	51.27	41.48	63.36	62.16	41.96	93.32	102.41	18.06	44.82	26.07	69.28	14.8	45.96	25.29	14.26	64.69	39.16	115.79	103.22	67.66	29.75	65.85	60.97	65.68	19.41	97.17	53.45	57.2	68.99	107.25	50.79	79.56	32.01	8.1	67.37	16.04	31.78	43.57	98.57	25.53	67.61	68.04	49.77	87.31	76.68	24.68	66.21	26.95	41.75	25.7	76.32	47.56	24.61
14	19.11	89.27	62.1	20.01	103.21	60.1	71.07	22.75	70.97	45.66	26.76	74.24	23.84	18.62	0.0	48.12	23.26	78.12	38.41	42.99	125.31	91.58	27.65	90.82	40.61	34.56	81.42	19.75	59.0	69.51	69.18	76.24	49.32	48.85	23.34	77.43	41.27	76.31	12.2	34.15	107.86	65.28	60.63	85.74	73.36	102.36	59.81	37.56	122.08	59.29	42.71	78.15	60.09	45.38	69.99	84.97	56.41	64.59	26.85	35.5	51.0	70.65	20.78	56.32	41.8	44.91	6.29	51.49	34.15	27.89	10.21	42.88	18.77	39.97	18.83	101.0	71.83	24.01	88.09	28.75	35.47	28.52	36.44	62.79	60.94	66.4	94.63	91.05	65.26	35.52	50.41	11.3	84.16	24.51	66.04	46.5	75.2	39.48	28.28	43.26	80.66	60.5	86.46	96.25	39.62	107.77	7.96	46.8	43.88	38.11	33.98	74.69	64.2	20.63	85.02	31.22	44.8	45.02	117.9	84.5	93.77	48.62	62.3	17.68	60.97	32.08	107.84	78.57	27.98	37.82	27.07	28.4	59.89	32.52	34.53	5.13	61.9	20.88	8.68	26.08	73.11	68.25	42.3	61.62	64.25	24.89	97.06	92.55	22.37	38.44	33.3	65.59	31.66	52.22	26.43	26.02	73.96	21.72	112.34	84.74	51.09	37.48	48.26	60.09	63.3	37.22	107.21	34.94	48.48	74.53	105.51	46.87	90.27	21.33	26.18	70.6	32.35	45.66	29.72	106.59	32.97	86.15	63.64	56.47	91.62	77.7	8.89	53.99	15.5	50.35	7.42	87.38	66.06	19.11
15	32.73	72.43	80.04	68.13	77.24	57.6	25.11	60.63	31.15	16.5	45.37	122.16	29.57	39.62	48.12	0.0	60.6	41.35	12.7	80.34	114.81	92.3	37.08	60.57	63.69	75.47	35.61	35.38	16.61	23.38	89.18	62.56	30.58	34.33	57.4	81.88	49.94	37.21	60.27	68.53	103.02	23.56	21.77	39.85	37.11	68.1	89.47	69.61	74.44	20.77	8.44	54.05	77.09	69.66	22.95	120.85	16.16	102.79	74.89	80.35	71.32	22.78	45.32	19.11	66.33	35.19	42.33	9.56	15.1	35.1	46.25	12.35	56.73	85.04	55.54	54.35	64.89	43.49	45.88	76.03	50.98	61.38	18.12	21.17	17.69	90.14	75.51	52.79	40.56	33.79	12.37	45.21	45.41	47.39	24.66	62.19	30.67	83.16	44.96	31.66	38.1	38.0	40.85	51.43	18.9	97.41	41.39	94.76	85.37	74.78	72.48	122.47	34.28	35.6	38.74	30.51	78.86	40.22	81.03	49.76	70.08	10.02	102.6	65.14	21.57	80.08	66.48	105.72	75.5	82.75	66.21	46.3	87.53	80.39	54.98	46.13	17.01	68.85	39.44	65.86	58.32	37.19	81.02	34.85	27.24	71.88	54.66	84.14	25.76	83.62	64.68	43.12	29.15	8.04	23.19	52.51	25.87	68.47	84.28	116.42	73.72	10.66	76.46	31.46	37.82	31.13	59.1	72.13	45.41	29.81	73.71	31.52	111.0	68.44	41.74	30.26	48.95	15.8	77.83	59.2	15.22	72.47	43.58	86.95	48.42	41.48	46.03	59.82	62.63	2.23	50.78	39.52	57.41	32.73
16	28.09	79.14	83.93	24.22	96.2	83.29	79.02	42.66	74.87	63.49	18.84	71.93	44.29	41.47	23.26	60.6	0.0	79.35	48.38	20.85	110.1	114.7	26.2	87.1	20.36	49.8	88.41	25.22	66.31	77.76	90.27	66.27	70.13	46.33	4.14	100.48	29.36	79.09	23.25	10.89	91.31	71.1	77.74	92.51	74.96	99.84	78.47	14.39	130.07	64.63	57.84	72.86	39.31	23.7	79.07	63.08	72.74	78.14	26.45	21.6	72.95	83.08	15.82	61.78	20.59	66.8	24.09	66.71	49.9	27.86	33.45	59.49	39.64	49.29	40.21	114.94	94.97	18.86	91.68	35.78	58.68	49.44	54.48	68.98	68.35	43.55	85.04	91.81	62.58	57.55	58.1	16.85	85.85	15.55	71.57	69.33	81.61	23.21	20.29	42.03	85.13	57.91	92.91	101.38	58.16	93.37	23.48	41.36	56.98	15.48	51.14	66.16	64.28	25.04	92.25	33.07	62.91	67.56	137.22	83.86	86.44	64.39	74.34	28.48	66.37	34.41	125.31	55.3	23.5	23.84	5.63	51.66	36.7	28.81	18.41	20.12	70.12	27.53	27.93	5.49	64.15	87.96	57.95	60.79	67.79	19.37	100.14	78.42	37.94	47.87	54.02	61.76	52.75	61.91	37.6	48.81	84.83	16.94	105.76	61.83	29.32	51.03	25.28	60.54	61.44	58.74	117.48	12.39	40.09	81.14	101.38	45.69	110.38	31.54	49.3	74.85	55.59	63.29	30.49	114.45	47.29	109.05	59.08	75.06	95.67	78.68	17.44	39.1	28.45	62.64	15.88	99.58	89.02	28.09
17	59.02	40.9	121.15	96.26	38.05	98.59	22.94	96.55	10.55	57.55	60.51	149.99	67.61	76.87	78.12	41.35	79.35	0.0	42.51	93.5	81.85	132.61	53.85	20.63	70.86	110.91	21.49	59.07	24.77	24.0	130.24	37.51	71.3	33.22	75.24	122.91	53.93	5.33	89.63	82.4	75.48	18.13	56.38	22.8	4.79	26.76	129.09	81.34	56.08	21.07	49.63	21.94	74.14	75.31	26.88	126.33	52.44	140.08	101.84	100.93	112.01	39.3	64.46	23.57	73.49	76.49	71.86	48.4	53.82	52.6	80.56	53.7	92.27	118.04	91.38	61.09	104.89	60.85	14.14	106.6	91.37	98.99	58.89	20.28	23.97	89.26	41.33	12.94	19.19	74.8	30.98	70.07	6.54	63.83	17.01	103.11	17.73	101.96	59.08	37.35	12.08	22.77	22.07	25.16	60.19	66.42	70.17	119.97	120.77	88.68	108.86	145.5	15.11	58.47	24.07	47.92	117.03	81.57	101.98	8.56	33.3	50.4	138.91	95.64	19.93	108.75	83.39	104.83	100.71	103.1	84.44	85.81	90.63	106.15	64.66	74.12	25.6	98.14	70.67	84.69	34.23	72.05	117.61	18.81	14.76	96.51	21.24	57.06	59.3	116.51	102.93	21.71	69.57	33.35	52.8	90.92	33.98	93.23	43.75	118.21	76.59	48.17	82.97	18.83	19.03	72.32	50.7	87.15	42.93	18.41	32.48	33.66	152.19	99.37	81.02	11.62	88.99	56.86	105.56	41.95	51.75	110.18	24.72	126.32	18.34	1.0	72.03	54.89	93.59	40.13	77.19	44.88	97.52	59.02
18	21.08	66.66	80.12	58.14	74.66	61.83	32.67	54.4	33.79	23.5	32.69	112.58	25.22	34.37	38.41	12.7	48.38	42.51	0.0	67.81	108.24	97.17	24.38	59.22	51.05	69.01	43.02	23.25	20.7	31.14	89.03	55.46	36.7	25.09	45.03	85.51	37.8	39.61	50.58	55.97	94.91	27.31	33.38	47.34	37.78	68.74	86.71	56.96	83.85	21.9	14.13	49.96	64.99	57.03	31.79	108.16	27.75	97.74	64.62	68.66	70.37	34.71	32.87	19.09	53.67	39.04	32.25	20.97	12.72	22.4	38.75	18.17	50.19	77.25	49.21	66.67	70.7	30.87	50.51	67.05	49.65	56.51	19.45	24.76	22.6	77.71	70.54	55.13	35.81	34.51	12.26	33.72	47.84	34.76	28.19	61.89	36.89	71.22	32.26	21.1	42.85	32.11	48.08	58.03	22.33	90.51	30.98	84.22	78.94	62.25	66.65	111.61	31.35	23.34	46.61	17.88	74.53	43.32	93.35	50.14	66.47	19.9	96.83	55.99	23.43	70.44	79.13	93.2	64.74	71.06	54.01	43.6	74.91	69.85	42.31	35.6	23.5	59.28	30.03	53.73	51.33	47.68	75.39	30.46	27.79	60.93	59.53	76.44	17.19	75.77	60.42	37.69	28.52	14.01	12.05	48.43	36.67	57.5	82.64	103.76	61.2	7.81	63.78	27.6	33.15	32.71	69.76	59.67	34.63	36.18	73.37	22.08	111.19	59.52	38.78	33.23	47.03	22.92	67.84	68.3	9.68	80.23	37.29	83.88	53.77	42.33	34.87	48.48	53.64	14.52	39.88	51.22	63.26	21.08
19	48.45	84.45	100.15	35.63	103.55	102.91	96.68	58.74	90.72	84.23	35.66	66.8	65.06	61.58	42.99	80.34	20.85	93.5	67.81	0.0	108.29	132.91	44.0	97.53	23.34	61.86	105.4	45.24	84.1	95.58	105.47	72.65	90.94	60.51	23.2	118.54	39.72	94.16	38.88	11.89	88.44	88.06	98.32	109.29	89.52	110.68	91.45	12.17	146.86	81.62	78.24	82.84	33.89	21.01	97.22	42.27	93.2	86.55	33.39	17.78	89.52	102.4	35.03	78.96	21.12	87.41	44.74	87.01	70.49	45.91	52.83	80.1	56.64	57.01	57.53	134.45	114.69	37.01	106.78	44.64	77.6	65.81	75.28	86.18	86.1	30.44	90.53	105.19	75.17	78.09	76.37	37.69	100.03	33.14	88.36	87.23	98.5	14.41	36.54	57.45	100.92	70.93	109.52	117.1	78.98	93.21	44.26	37.94	66.64	5.57	64.48	55.67	78.51	44.86	109.26	51.04	76.14	87.91	157.99	96.63	93.95	84.82	81.68	41.96	83.32	40.17	145.79	37.86	28.73	18.1	16.01	70.97	21.94	31.71	28.89	40.6	88.16	38.94	48.61	16.93	71.65	108.8	69.53	74.71	83.76	26.74	114.72	79.39	58.69	55.9	69.98	73.61	73.49	80.76	57.78	67.06	103.56	27.08	113.13	41.94	23.83	71.23	15.66	75.23	74.66	79.42	135.51	8.47	51.05	98.14	110.94	60.72	124.06	43.71	69.13	90.89	74.66	84.02	36.48	131.37	67.72	129.13	70.63	88.11	110.93	92.71	38.22	43.76	43.08	82.29	35.94	118.6	109.04	48.45
20	110.74	42.53	184.53	134.28	47.27	170.01	104.33	148.06	90.92	130.64	98.56	174.92	129.66	135.27	125.31	114.81	110.1	81.85	108.24	108.29	0.0	205.37	99.06	62.73	90.17	158.63	102.81	107.95	101.24	105.09	192.69	52.78	144.55	83.57	106.99	193.34	84.05	87.12	131.79	104.18	20.09	96.95	134.7	102.97	83.51	66.94	185.1	100.43	123.8	95.79	121.14	61.88	74.41	88.92	108.1	113.63	129.73	187.95	136.13	124.85	173.74	120.52	104.58	96.42	90.79	147.26	120.94	124.01	120.74	99.61	133.27	125.57	144.0	159.39	143.87	141.69	178.85	101.32	90.81	145.88	154.1	153.47	127.66	98.04	101.57	81.86	40.62	79.94	74.35	141.93	102.45	114.02	83.26	101.04	96.03	166.74	99.56	122.49	97.03	88.61	93.23	76.87	101.87	99.0	130.52	17.88	119.03	146.06	166.69	107.1	158.93	161.55	81.26	106.85	104.62	98.87	170.09	151.39	183.73	74.82	48.72	124.82	184.39	137.78	95.84	144.06	164.95	88.47	132.44	125.84	111.79	146.89	89.64	137.1	92.45	120.19	104.08	137.51	122.44	112.82	56.92	150.82	166.74	80.05	90.37	128.74	90.41	32.9	118.56	157.97	158.22	71.69	135.61	107.61	111.48	148.6	115.67	126.85	48.61	101.23	84.74	116.02	92.66	83.49	77.06	140.58	127.09	108.15	78.09	100.2	59.92	86.55	214.56	141.19	142.41	92.04	151.0	129.97	140.07	115.25	117.23	187.28	71.35	181.77	93.31	81.06	116.46	71.7	137.09	114.66	119.78	126.35	171.38	110.74
21	98.16	163.74	36.64	98.79	169.49	35.36	111.59	74.68	122.08	75.82	114.2	125.39	77.25	74.82	91.58	92.3	114.7	132.61	97.17	132.91	205.37	0.0	110.06	152.61	131.46	77.38	119.54	101.73	108.23	110.06	37.4	152.6	61.72	121.87	114.89	14.42	127.02	127.84	94.11	125.53	191.24	114.51	77.21	122.6	128.81	158.76	55.56	129.08	142.0	112.96	84.92	146.14	150.55	136.65	107.81	172.71	80.37	76.37	103.78	119.97	44.98	97.29	109.31	111.41	132.98	58.14	92.57	84.28	84.63	108.87	81.38	80.5	76.33	89.24	75.39	104.22	27.78	111.05	133.09	94.41	56.15	67.66	77.73	112.49	108.74	157.96	167.34	142.41	132.28	63.85	104.41	100.95	135.43	113.32	115.62	45.68	117.89	124.82	115.17	117.05	126.16	129.04	123.97	133.96	75.01	187.59	93.99	116.79	79.73	128.71	73.0	139.03	126.48	102.81	120.8	108.07	64.4	54.01	82.06	141.17	162.33	82.56	81.62	92.04	113.56	101.15	89.05	169.87	108.08	121.61	117.78	63.45	151.4	108.72	124.14	95.57	107.02	96.04	89.45	116.66	148.49	63.65	73.16	126.64	119.32	108.01	140.43	173.24	88.28	89.14	64.12	134.51	70.22	100.21	94.81	65.99	103.82	106.56	176.22	174.71	142.31	89.43	139.84	123.39	129.54	64.9	123.38	125.61	129.03	116.97	165.03	118.86	41.98	91.49	66.74	121.03	59.34	76.52	102.87	131.88	88.17	28.92	134.38	57.17	134.08	132.91	99.14	140.02	90.39	93.05	98.99	104.84	35.09	98.16
22	12.02	61.71	85.69	43.11	75.7	75.45	53.02	49.84	48.76	44.65	8.4	96.19	32.88	36.55	27.65	37.08	26.2	53.85	24.38	44.0	99.06	110.06	0.0	64.07	26.91	62.21	62.25	8.9	40.34	51.83	93.68	48.74	55.14	21.92	22.3	96.84	16.98	53.18	37.39	32.11	82.67	44.92	56.98	66.33	49.3	76.17	86.5	32.73	103.91	38.44	36.73	50.84	42.78	32.94	53.33	83.79	51.48	92.24	48.22	47.69	74.78	58.54	10.66	35.62	29.46	54.53	22.34	44.86	30.62	1.98	34.36	39.68	45.59	66.65	45.28	90.63	86.08	7.34	65.69	54.15	55.74	54.69	37.1	42.83	42.37	54.21	67.0	66.57	38.62	46.77	32.4	17.29	60.26	10.99	45.37	68.25	55.43	49.38	7.88	16.74	59.0	33.82	66.72	75.23	40.9	81.3	20.39	66.13	71.43	38.53	61.52	92.07	38.99	7.79	66.09	7.05	71.96	57.22	117.24	59.11	66.19	43.21	89.83	43.69	40.18	55.45	103.46	69.35	46.88	49.97	31.66	48.34	50.77	52.34	18.11	22.71	44.29	45.4	23.42	31.68	45.5	69.9	69.93	35.82	41.68	42.67	74.29	66.16	22.17	65.11	59.39	38.53	40.57	36.79	17.17	49.55	59.56	39.41	84.93	79.49	37.48	29.39	39.46	35.05	36.99	46.54	91.71	36.2	21.18	54.98	78.71	20.52	115.5	47.46	44.15	48.71	52.54	44.24	52.05	88.3	27.07	98.04	36.34	83.25	69.63	53.25	19.62	29.97	42.09	38.86	24.39	74.62	79.1	12.02
23	72.0	25.4	139.22	107.13	17.43	118.17	43.51	111.2	30.99	77.03	68.92	159.01	84.31	92.83	90.82	60.57	87.1	20.63	59.22	97.53	62.73	152.61	64.07	0.0	74.19	124.93	40.34	71.09	44.38	44.61	148.19	28.62	91.01	42.18	82.98	142.45	58.54	25.89	101.39	87.65	59.27	38.29	76.89	40.26	23.87	13.2	145.54	85.68	65.32	39.8	68.52	14.7	71.95	77.36	47.46	124.79	72.76	154.71	111.88	108.0	129.59	59.84	73.98	41.69	76.49	95.7	84.81	68.34	71.48	63.34	95.01	72.79	106.85	130.55	106.15	78.96	124.96	70.14	28.12	118.21	108.86	114.5	77.26	40.16	43.93	86.66	23.53	17.58	25.56	93.1	49.07	81.29	20.66	72.31	37.2	121.02	37.97	108.13	67.3	47.62	30.86	30.35	39.14	37.07	79.01	48.77	82.96	128.45	134.55	93.41	123.44	152.12	27.92	70.27	41.94	59.6	132.56	100.63	121.25	12.49	14.32	70.08	152.93	107.65	39.08	119.35	102.34	101.13	109.98	109.96	91.52	102.76	89.94	115.44	70.04	86.26	45.85	109.47	84.4	92.02	27.49	92.64	132.15	29.58	33.35	105.73	29.08	42.55	74.8	129.01	118.75	25.59	87.45	52.55	67.72	107.09	54.3	102.69	23.71	115.18	77.11	65.9	84.64	31.86	27.58	90.85	65.2	92.53	47.24	38.73	14.69	43.96	170.31	111.43	97.93	32.1	106.25	76.33	115.81	54.12	68.87	130.69	28.07	142.6	30.88	20.11	83.54	54.69	105.91	59.63	88.44	63.79	117.54	72.0
24	35.99	62.03	102.66	44.51	80.61	98.32	76.37	62.07	68.99	71.32	19.3	87.83	56.48	56.71	40.61	63.69	20.36	70.86	51.05	23.34	90.17	131.46	26.91	74.19	0.0	70.11	84.31	32.17	64.19	75.47	109.49	49.79	80.88	38.46	18.05	117.54	16.99	71.93	43.35	14.65	71.12	67.22	83.89	87.99	67.09	87.34	98.49	11.74	125.28	60.95	63.63	59.5	19.51	6.03	77.45	57.91	78.38	98.47	45.96	36.07	91.57	84.27	22.63	58.55	2.76	79.2	38.89	71.74	57.2	28.85	50.52	66.47	58.66	69.43	59.02	116.24	109.61	22.09	84.45	55.94	75.41	68.57	63.31	65.61	66.11	27.75	68.08	82.22	52.18	70.59	57.29	30.51	77.34	18.84	67.37	86.97	77.42	35.0	19.18	36.36	79.02	48.12	88.09	95.02	67.15	73.79	37.5	57.55	77.33	19.5	71.27	78.51	56.07	31.33	88.15	33.18	82.97	81.07	144.14	73.55	70.94	70.12	94.56	48.8	62.57	53.9	130.17	42.5	42.32	37.57	21.64	68.03	23.88	47.15	8.8	36.11	68.44	47.86	42.09	22.65	48.52	96.58	78.27	52.19	62.22	38.57	92.1	59.12	47.2	68.04	73.28	50.47	64.87	62.38	43.66	66.59	84.46	36.74	90.21	52.73	11.1	56.29	13.01	53.07	51.87	71.02	115.13	19.29	28.02	77.17	87.65	39.19	130.08	51.9	64.81	69.28	72.19	70.94	49.91	109.99	53.78	122.65	47.46	95.08	88.64	70.03	32.41	20.99	48.63	65.35	33.52	99.72	103.06	35.99
25	52.93	123.73	41.31	26.56	137.72	56.95	100.34	14.84	102.76	66.42	60.51	53.95	45.96	35.88	34.56	75.47	49.8	110.91	69.01	61.86	158.63	77.38	62.21	124.93	70.11	0.0	110.89	54.17	89.44	98.65	44.75	110.68	62.42	83.24	52.22	63.31	74.86	108.47	26.93	58.66	140.45	96.27	80.29	115.19	106.12	136.06	29.59	62.75	149.36	90.87	67.98	112.59	89.04	73.34	98.42	97.46	77.93	30.03	28.87	45.73	32.55	95.82	54.49	88.0	70.37	55.11	40.25	75.28	60.37	62.44	30.36	66.15	18.86	13.15	19.96	122.32	67.78	58.06	119.5	17.98	33.78	16.16	58.88	93.69	91.2	91.21	129.14	123.76	99.44	48.03	81.23	45.37	116.61	57.76	97.17	35.27	105.35	50.52	62.13	77.6	111.8	94.73	116.11	126.49	60.38	141.35	42.15	39.42	9.94	59.24	4.82	63.34	97.74	55.1	114.16	65.5	14.5	51.79	128.13	117.85	128.31	72.1	28.05	21.32	92.43	24.3	122.84	99.62	33.58	46.81	50.08	32.88	83.2	32.63	66.3	39.53	91.53	23.13	40.55	48.88	107.62	81.39	8.17	95.47	96.48	35.12	128.52	126.16	51.84	12.51	16.1	99.94	48.94	81.52	58.11	25.16	100.52	35.2	146.79	101.45	78.82	65.37	73.39	93.63	97.35	51.13	132.74	56.67	82.89	104.57	139.59	81.12	62.22	18.53	35.95	102.23	33.08	66.76	26.78	134.44	60.97	83.41	98.09	26.26	122.66	110.6	42.92	86.93	21.6	77.61	39.0	111.68	65.13	52.93
26	63.44	62.37	113.57	101.05	57.34	87.55	10.56	96.07	16.2	48.8	70.18	155.52	65.13	75.15	81.42	35.61	88.41	21.49	43.02	105.4	102.81	119.54	62.25	40.34	84.31	110.89	0.0	64.77	22.55	12.25	122.74	58.48	60.81	46.06	84.55	111.48	67.55	16.7	93.58	93.68	96.97	17.37	42.45	4.33	21.64	41.41	124.59	93.45	41.66	23.84	43.68	43.36	91.15	89.51	12.98	141.7	40.19	138.39	107.39	109.74	105.71	22.31	72.65	26.64	87.06	67.38	75.24	38.72	50.59	60.55	81.16	46.64	92.07	119.95	90.94	39.61	91.88	69.59	14.04	110.06	85.91	96.99	53.38	19.44	20.55	106.06	62.54	24.83	37.39	68.31	31.15	75.85	19.69	73.16	17.04	96.34	6.91	111.62	69.08	48.09	9.6	39.23	5.25	15.92	53.3	87.78	73.9	126.74	120.82	100.14	108.03	153.68	30.51	64.51	3.86	55.35	114.43	72.67	80.95	28.01	54.09	41.57	138.18	99.0	22.12	113.41	62.15	121.93	107.19	112.06	93.91	81.73	106.18	112.43	76.84	78.43	19.57	102.28	73.03	93.9	54.92	56.46	116.6	34.26	22.25	103.22	20.92	78.51	59.81	118.49	100.26	40.47	64.38	29.5	55.01	88.1	15.85	99.8	61.16	134.69	91.81	45.53	97.12	32.19	36.01	65.36	31.33	98.1	57.9	7.28	48.61	45.13	143.98	102.51	77.25	15.57	84.13	48.19	110.73	26.05	49.97	94.75	43.08	122.19	14.54	22.41	77.32	71.68	96.64	33.58	82.45	23.55	84.89	63.44
27	3.83	70.27	76.81	37.23	83.55	67.44	54.88	41.31	52.72	39.71	13.05	91.37	24.9	27.74	19.75	35.38	25.22	59.07	23.25	45.24	107.95	101.73	8.9	71.09	32.17	54.17	64.77	0.0	42.27	53.5	84.79	57.37	48.71	29.11	22.11	88.35	25.4	57.7	30.64	33.63	91.53	47.82	53.25	68.99	54.36	82.74	77.76	35.27	106.23	41.5	33.05	58.44	49.77	38.1	54.54	86.63	48.03	84.16	43.06	45.48	65.89	57.9	10.41	38.54	34.4	47.26	13.94	41.78	25.64	8.51	25.59	35.2	37.02	59.53	36.62	89.72	78.33	10.09	69.88	47.61	46.98	45.94	31.3	45.48	44.3	59.92	75.44	71.97	45.53	39.0	33.77	11.18	65.28	13.51	48.45	59.44	58.16	47.97	13.69	23.51	62.75	40.76	69.55	78.75	35.13	90.18	12.01	62.03	63.6	39.67	53.19	88.94	44.76	1.12	68.52	11.5	63.38	49.52	113.31	65.08	74.18	39.64	82.02	36.77	43.24	49.73	100.59	74.42	42.49	47.87	30.84	39.55	55.48	47.81	23.68	15.22	45.79	39.08	14.59	30.52	54.01	64.84	61.72	42.02	45.77	38.47	78.73	75.05	15.03	57.99	50.61	45.84	33.01	37.03	12.55	40.65	59.88	35.06	92.63	83.51	43.21	25.99	43.71	40.68	43.6	39.12	92.82	36.91	29.99	57.6	85.78	27.13	106.61	40.53	35.46	52.49	43.77	39.4	46.65	90.6	22.6	90.81	43.93	74.53	73.62	58.58	12.98	38.52	34.89	37.42	18.16	74.47	71.52	3.83
