param n:= 74 ;
param r:= 2 ;

param Tmax:= 1000 ;

param cant_clases:= 10 ;

param b:=
0 0
1 20.0
2 6.0
3 19.0
4 10.0
5 18.0
6 1.0
7 15.0
8 23.0
9 13.0
10 12.0
11 7.0
12 25.0
13 5.0
14 1.0
15 25.0
16 10.0
17 2.0
18 7.0
19 11.0
20 4.0
21 6.0
22 15.0
23 7.0
24 8.0
25 10.0
26 9.0
27 4.0
28 6.0
29 22.0
30 17.0
31 9.0
32 25.0
33 10.0
34 18.0
35 21.0
36 10.0
37 23.0
38 23.0
39 11.0
40 1.0
41 23.0
42 16.0
43 10.0
44 12.0
45 12.0
46 3.0
47 22.0
48 21.0
49 13.0
50 15.0
51 13.0
52 20.0
53 10.0
54 25.0
55 7.0
56 15.0
57 2.0
58 23.0
59 5.0
60 25.0
61 9.0
62 2.0
63 24.0
64 13.0
65 20.0
66 13.0
67 15.0
68 4.0
69 20.0
70 8.0
71 19.0
72 20.0
73 0
;

param o:=
0 0
1 397
2 110
3 301
4 209
5 223
6 286
7 106
8 426
9 147
10 296
11 247
12 77
13 370
14 269
15 402
16 81
17 370
18 237
19 455
20 244
21 385
22 146
23 175
24 191
25 120
26 435
27 311
28 442
29 129
30 256
31 60
32 291
33 418
34 472
35 161
36 466
37 462
38 92
39 259
40 477
41 217
42 423
43 210
44 330
45 461
46 141
47 282
48 299
49 335
50 176
51 257
52 425
53 99
54 360
55 363
56 186
57 253
58 428
59 275
60 414
61 402
62 337
63 359
64 338
65 375
66 324
67 147
68 234
69 244
70 282
71 324
72 465
73 0
;

param e:=
0 0
1 8.0
2 15.0
3 20.0
4 7.0
5 13.0
6 6.0
7 5.0
8 1.0
9 12.0
10 18.0
11 25.0
12 14.0
13 18.0
14 13.0
15 6.0
16 14.0
17 10.0
18 18.0
19 8.0
20 6.0
21 2.0
22 4.0
23 4.0
24 23.0
25 12.0
26 24.0
27 17.0
28 18.0
29 25.0
30 22.0
31 10.0
32 25.0
33 21.0
34 21.0
35 16.0
36 23.0
37 21.0
38 15.0
39 7.0
40 20.0
41 6.0
42 16.0
43 10.0
44 7.0
45 20.0
46 9.0
47 12.0
48 10.0
49 19.0
50 6.0
51 14.0
52 23.0
53 8.0
54 10.0
55 14.0
56 3.0
57 25.0
58 21.0
59 5.0
60 2.0
61 3.0
62 21.0
63 1.0
64 25.0
65 21.0
66 21.0
67 25.0
68 14.0
69 20.0
70 14.0
71 11.0
72 25.0
73 0
;

param c:=
0 1000
1 571
2 249
3 449
4 306
5 383
6 425
7 207
8 574
9 321
10 398
11 409
12 205
13 504
14 380
15 546
16 241
17 486
18 348
19 604
20 357
21 484
22 261
23 303
24 299
25 269
26 561
27 463
28 571
29 271
30 399
31 191
32 438
33 529
34 622
35 312
36 624
37 584
38 188
39 426
40 585
41 369
42 556
43 351
44 500
45 578
46 267
47 448
48 416
49 426
50 311
51 379
52 534
53 234
54 535
55 510
56 320
57 379
58 565
59 451
60 564
61 511
62 486
63 476
64 461
65 476
66 445
67 242
68 386
69 397
70 453
71 473
72 592
73 1000
;

param t
:	0	1	2	3	4	5	6	7	8	9	10	11	12	13	14	15	16	17	18	19	20	21	22	23	24	25	26	27	28	29	30	31	32	33	34	35	36	37	38	39	40	41	42	43	44	45	46	47	48	49	50	51	52	53	54	55	56	57	58	59	60	61	62	63	64	65	66	67	68	69	70	71	72	73 :=
0	0.0	123.98	60.64	61.01	22.31	71.29	66.83	52.59	40.72	28.58	67.14	34.78	66.42	41.1	10.39	67.89	66.11	69.5	53.74	28.11	50.9	9.24	44.79	90.7	97.06	25.88	77.13	41.09	54.02	32.79	20.57	47.68	41.79	87.99	40.55	52.82	39.45	33.91	68.78	70.39	7.92	79.69	27.96	54.59	40.27	58.91	49.22	82.91	8.44	45.37	99.92	58.9	33.3	49.0	49.02	14.76	54.45	116.78	37.83	50.69	33.64	41.21	34.5	78.97	91.33	74.14	13.23	14.59	63.55	24.31	25.7	59.48	57.92	0.0
1	123.98	0.0	178.89	176.82	122.16	141.51	105.39	71.43	156.14	113.22	148.67	113.0	60.01	98.9	125.87	171.42	181.67	61.04	156.56	111.03	151.29	115.49	164.69	33.52	123.39	149.85	47.1	134.23	119.68	124.7	117.8	144.81	165.69	146.48	159.54	171.54	149.85	90.17	188.01	190.78	130.15	60.69	109.68	69.45	160.2	164.57	125.89	45.06	116.97	79.07	75.48	72.21	118.77	132.65	167.88	114.9	172.51	122.44	91.09	84.0	127.55	84.96	156.93	127.36	37.17	153.36	117.4	135.47	61.87	142.58	127.3	169.85	145.12	123.98
2	60.64	178.89	0.0	67.07	76.98	115.44	91.24	108.82	62.9	66.07	56.13	67.61	125.17	101.01	54.75	88.25	69.63	129.24	31.75	68.1	36.15	69.79	53.82	146.93	150.37	40.06	132.05	49.43	106.96	84.47	61.11	41.61	35.28	81.95	55.89	7.81	30.0	90.68	9.26	13.01	58.46	140.11	69.36	111.72	53.58	81.65	99.55	141.42	64.87	103.74	160.27	119.13	88.03	95.75	57.02	74.76	60.1	171.79	87.8	111.32	53.25	101.0	46.61	129.83	149.54	59.49	62.51	46.31	121.93	58.8	51.79	17.92	97.8	60.64
3	61.01	176.82	67.07	0.0	54.79	61.74	125.53	108.43	21.15	87.71	110.3	93.28	116.81	78.8	66.55	22.99	5.12	116.61	87.01	87.93	88.07	66.27	17.69	143.51	102.37	43.55	132.34	89.41	66.88	52.83	79.28	89.39	34.14	135.92	20.67	63.26	73.79	91.43	68.14	65.57	53.1	121.9	88.11	109.14	21.54	20.13	58.27	132.31	69.43	99.16	130.71	105.12	58.82	51.42	13.02	63.82	7.82	124.53	98.37	93.62	85.91	92.34	29.78	81.19	140.73	116.11	73.5	59.31	115.08	37.01	78.58	80.66	44.87	61.01
4	22.31	122.16	76.98	54.79	0.0	49.34	84.81	54.11	33.98	48.12	89.43	54.42	62.19	26.43	32.69	54.05	59.74	62.65	75.26	46.93	72.8	19.06	43.13	88.77	75.56	37.31	77.64	63.36	32.02	10.61	41.23	69.89	49.35	109.75	37.84	69.42	60.45	38.6	83.97	84.58	19.57	69.74	46.27	54.53	38.85	45.65	26.92	78.01	26.75	44.56	84.87	51.14	11.47	27.2	45.92	12.25	50.38	95.98	48.67	40.22	55.68	37.56	37.84	56.84	86.51	96.44	33.3	34.76	60.33	22.06	47.88	79.2	37.57	22.31
5	71.29	141.51	115.44	61.74	49.34	0.0	132.38	88.77	53.51	97.14	138.22	103.38	86.63	50.7	81.61	42.39	64.04	82.32	121.75	95.74	120.09	68.1	64.53	111.8	40.92	77.02	106.36	112.32	24.3	38.73	90.53	118.0	81.0	159.08	60.83	108.95	106.55	80.25	120.06	119.05	66.64	80.89	94.93	87.1	63.11	41.67	23.48	97.57	76.03	79.06	78.25	73.07	40.15	22.3	63.43	60.59	63.81	62.92	93.12	62.35	104.9	71.28	68.93	20.53	104.62	145.16	82.6	81.68	86.89	57.85	96.99	122.57	17.99	71.29
6	66.83	105.39	91.24	125.53	84.81	132.38	0.0	57.97	106.69	38.34	45.24	32.39	75.43	85.77	59.25	134.7	130.44	83.27	61.14	38.73	55.97	65.95	108.07	81.89	145.91	82.98	67.49	42.18	110.09	94.81	46.68	49.87	97.34	42.08	104.94	85.99	62.41	54.55	100.14	104.25	74.39	96.91	39.03	61.92	104.0	125.71	108.89	85.55	59.32	62.74	125.61	80.47	92.33	111.28	112.7	72.65	118.19	160.42	40.85	82.61	41.37	67.92	96.17	133.41	90.52	48.8	53.6	66.32	71.84	90.55	47.51	76.38	122.38	66.83
7	52.59	71.43	108.82	108.43	54.11	88.77	57.97	0.0	87.31	45.59	89.54	47.6	18.8	38.13	54.75	107.38	113.47	25.91	90.35	43.13	85.47	44.31	94.7	38.39	91.64	78.44	24.58	68.83	64.47	59.65	48.15	79.45	94.35	97.69	89.74	101.25	81.04	18.74	117.77	120.22	59.0	39.57	41.62	4.03	90.13	99.38	67.15	33.39	45.57	10.02	67.8	22.83	54.44	72.38	98.27	44.78	103.25	103.76	23.3	28.21	60.81	17.89	86.08	83.34	41.04	95.74	46.47	64.22	15.05	72.51	58.5	101.91	85.32	52.59
8	40.72	156.14	62.9	21.15	33.98	53.51	106.69	87.31	0.0	68.44	96.69	74.3	96.16	59.0	47.46	29.58	26.23	96.38	75.5	68.38	75.42	45.32	11.62	122.73	91.62	28.8	111.31	73.5	51.41	33.58	60.03	75.43	27.78	121.22	7.32	57.08	60.9	70.29	66.79	65.59	32.82	102.49	68.42	88.09	9.6	21.02	42.81	111.9	49.04	78.11	113.78	84.86	39.42	36.95	12.61	42.68	16.47	113.76	77.55	73.58	68.72	71.41	16.71	70.3	120.37	103.03	53.64	41.63	94.3	16.41	60.92	72.61	35.55	40.72
9	28.58	113.22	66.07	87.71	48.12	97.14	38.34	45.59	68.44	0.0	47.14	6.32	63.86	56.17	21.16	96.37	92.7	69.76	44.76	2.51	39.89	29.09	70.5	82.19	116.91	46.45	66.93	23.52	76.78	58.59	8.44	33.97	61.97	62.97	67.04	59.05	36.63	30.55	75.3	78.44	36.06	82.63	4.04	49.15	66.26	87.38	73.96	78.98	21.57	43.7	108.19	62.12	57.18	75.25	75.05	36.56	80.57	134.38	22.66	58.89	15.23	44.58	58.88	101.39	86.46	53.99	15.41	29.34	60.22	52.23	14.29	56.87	85.44	28.58
10	67.14	148.67	56.13	110.3	89.43	138.22	45.24	89.54	96.69	47.14	0.0	42.91	108.34	102.72	56.75	126.21	114.39	115.08	25.06	49.51	22.49	72.2	93.09	121.76	162.71	68.04	106.43	26.13	120.74	99.92	50.32	21.26	76.74	26.35	92.07	53.83	36.51	77.22	63.54	68.17	71.68	128.43	50.95	93.46	90.3	117.7	116.35	121.89	64.02	89.78	154.94	108.56	100.16	115.94	97.59	79.93	102.49	180.99	66.56	106.01	34.37	91.53	81.48	145.73	128.41	7.04	57.67	57.19	104.59	83.73	41.67	38.45	123.68	67.14
11	34.78	113.0	67.61	93.28	54.42	103.38	32.39	47.6	74.3	6.32	42.91	0.0	66.24	61.57	26.86	102.46	98.22	72.59	43.72	7.72	38.56	35.38	75.92	82.87	122.49	51.33	67.46	21.54	82.8	64.86	14.34	32.25	66.46	57.2	72.64	60.95	37.69	34.32	76.87	80.28	42.15	85.76	8.81	51.37	71.77	93.47	80.15	80.76	27.89	46.95	112.04	65.68	63.36	81.53	80.51	42.79	86.02	139.6	24.3	63.34	14.63	48.7	64.15	107.31	87.93	49.57	21.68	34.35	62.54	58.2	16.99	56.9	91.76	34.78
12	66.42	60.01	125.17	116.81	62.19	86.63	75.43	18.8	96.16	63.86	108.34	66.24	0.0	39.46	70.48	112.15	121.66	8.1	108.47	61.36	103.71	57.4	104.96	26.89	81.2	92.05	20.04	87.28	62.97	64.87	65.56	97.82	107.36	115.99	99.76	117.47	98.4	34.67	133.9	136.04	71.7	21.51	59.84	14.9	100.52	104.97	67.88	16.5	60.58	21.44	50.43	13.57	59.01	74.21	108.02	55.65	112.57	90.24	41.97	24.99	79.08	25.57	97.8	77.03	24.96	114.54	62.73	79.46	3.75	82.99	76.15	119.45	87.06	66.42
13	41.1	98.9	101.01	78.8	26.43	50.7	85.77	38.13	59.0	56.17	102.72	61.57	39.46	0.0	49.75	72.7	83.46	38.02	93.74	54.06	90.24	32.72	69.05	66.29	61.01	62.56	57.76	77.19	26.46	26.03	52.49	85.92	75.61	118.69	63.74	93.25	80.16	31.36	108.63	109.68	42.61	43.56	52.8	36.75	64.94	65.68	29.26	53.92	40.08	28.36	59.33	26.69	20.03	35.07	71.42	26.42	75.43	78.29	45.0	14.94	68.55	20.6	64.27	47.77	62.2	109.7	45.7	55.65	38.63	48.48	62.2	100.54	48.05	41.1
14	10.39	125.87	54.75	66.55	32.69	81.61	59.25	54.75	47.46	21.16	56.75	26.86	70.48	49.75	0.0	75.91	71.54	74.52	44.11	21.48	40.95	17.05	49.39	93.13	107.12	26.23	78.78	30.72	64.29	43.17	12.73	37.43	42.31	77.88	45.88	47.01	30.48	36.21	63.43	65.63	16.04	85.69	21.83	57.36	45.12	66.93	59.61	86.8	10.3	49.04	107.59	64.62	43.6	59.32	53.92	24.18	59.43	126.55	36.23	57.69	23.47	46.36	37.91	89.27	95.01	63.75	8.63	9.73	67.29	31.48	15.43	51.22	67.89	10.39
15	67.89	171.42	88.25	22.99	54.05	42.39	134.7	107.38	29.58	96.37	126.21	102.46	112.15	72.7	75.91	0.0	23.4	110.38	104.54	96.0	104.74	70.34	34.87	138.99	83.22	58.2	129.75	103.02	54.12	47.84	88.12	104.96	53.56	150.79	34.47	83.59	90.21	92.64	90.23	87.97	60.32	113.2	95.83	107.24	36.49	8.99	46.42	126.36	75.72	97.5	117.29	99.29	53.41	39.32	31.26	65.54	28.5	105.01	102.18	87.49	97.97	89.92	45.17	62.79	134.42	132.5	81.12	70.94	111.11	44.47	90.06	100.27	28.53	67.89
16	66.11	181.67	69.63	5.12	59.74	64.04	130.44	113.47	26.23	92.7	114.39	98.22	121.66	83.46	71.54	23.4	0.0	121.35	90.81	92.95	92.06	71.39	22.43	148.4	104.88	48.18	137.33	93.94	70.64	57.45	84.27	93.6	37.85	140.15	25.7	66.27	77.9	96.53	70.09	67.25	58.21	126.4	93.15	114.15	26.46	22.49	62.11	137.09	74.53	104.17	134.58	109.87	63.45	55.14	17.77	68.9	12.32	126.95	103.5	98.32	90.63	97.3	34.48	83.86	145.48	120.09	78.57	64.17	119.97	42.13	83.38	83.86	47.73	66.11
17	69.5	61.04	129.24	116.61	62.65	82.32	83.27	25.91	96.38	69.76	115.08	72.59	8.1	38.02	74.52	110.38	121.35	0.0	114.04	67.26	109.42	60.31	105.76	29.52	74.12	94.67	26.45	93.28	59.32	64.0	70.74	103.69	109.54	123.54	100.48	121.48	103.32	39.71	137.8	139.71	74.11	13.69	65.72	21.89	101.42	103.61	65.03	15.98	64.38	26.24	42.42	11.52	58.02	71.69	108.53	57.56	112.85	82.4	48.52	23.08	84.9	28.33	99.38	71.3	24.18	121.4	67.2	83.12	11.46	84.14	81.43	124.45	84.29	69.5
18	53.74	156.56	31.75	87.01	75.26	121.75	61.14	90.35	75.5	44.76	25.06	43.72	108.47	93.74	44.11	104.54	90.81	114.04	0.0	47.22	5.38	61.14	70.35	126.56	150.7	46.83	111.17	22.34	107.28	85.08	43.5	11.92	52.97	51.38	70.07	28.8	15.2	74.36	39.93	44.37	55.92	126.48	48.73	93.87	68.1	96.42	101.58	123.74	53.7	87.8	150.48	105.56	86.64	99.88	74.67	68.22	79.25	170.52	67.34	100.38	29.59	87.36	59.37	132.01	131.2	29.7	48.61	40.58	104.88	64.65	32.79	15.28	105.79	53.74
19	28.11	111.03	68.1	87.93	46.93	95.74	38.73	43.13	68.38	2.51	49.51	7.72	61.36	54.06	21.48	96.0	92.95	67.26	47.22	0.0	42.37	27.86	70.86	79.86	114.9	47.23	64.63	26.02	75.08	57.31	8.9	36.47	62.94	64.85	67.25	61.0	38.83	28.06	77.31	80.38	35.77	80.12	1.53	46.67	66.56	87.02	72.48	76.51	20.68	41.19	105.73	59.63	55.69	73.97	75.37	35.17	80.88	132.21	20.28	56.5	17.72	42.13	59.37	99.6	84.03	56.32	14.89	30.13	57.73	52.08	16.31	59.2	84.38	28.11
20	50.9	151.29	36.15	88.07	72.8	120.09	55.97	85.47	75.42	39.89	22.49	38.56	103.71	90.24	40.95	104.74	92.06	109.42	5.38	42.37	0.0	57.84	71.04	121.43	147.96	46.62	106.03	17.08	104.79	82.85	39.17	6.55	54.32	48.74	70.36	32.41	14.53	69.81	44.62	48.96	53.75	121.99	43.89	89.04	68.49	96.43	99.4	118.84	50.16	83.21	146.37	101.15	84.08	98.04	75.48	65.12	80.26	167.49	62.37	96.33	24.66	83.04	59.68	129.64	126.24	28.04	44.75	38.47	100.09	63.65	28.56	20.43	104.53	50.9
21	9.24	115.49	69.79	66.27	19.06	68.1	65.95	44.31	45.32	29.09	72.2	35.38	57.4	32.72	17.05	70.34	71.39	60.31	61.14	27.86	57.84	0.0	51.11	82.09	90.68	34.66	68.89	46.12	48.66	29.49	22.59	53.93	50.23	91.27	46.44	61.98	47.44	25.95	77.99	79.63	14.7	70.46	27.22	46.03	46.52	61.5	45.09	73.9	8.21	36.57	91.03	49.67	28.4	46.16	55.03	7.76	60.28	109.73	32.29	41.55	37.91	32.06	41.84	73.6	82.34	79.24	14.74	23.55	54.63	29.32	30.63	67.95	56.56	9.24
22	44.79	164.69	53.82	17.69	43.13	64.53	108.07	94.7	11.62	70.5	93.09	75.92	104.96	69.05	49.39	34.87	22.43	105.76	70.35	70.86	71.04	51.11	0.0	131.18	103.13	25.87	119.07	71.75	62.97	44.34	62.1	72.03	18.74	118.49	5.32	48.79	56.63	76.91	56.77	55.17	37.06	112.6	71.14	95.86	4.59	27.83	54.4	121.0	53.21	85.95	124.94	94.26	49.98	48.57	4.68	50.0	10.12	125.3	82.58	83.3	68.23	79.73	12.09	81.79	129.52	99.05	56.74	41.77	102.85	22.2	60.95	65.42	46.55	44.79
23	90.7	33.52	146.93	143.51	88.77	111.8	81.89	38.39	122.73	82.19	121.76	82.87	26.89	66.29	93.13	138.99	148.4	29.52	126.56	79.86	121.43	82.09	131.18	0.0	100.17	116.57	15.44	104.4	88.81	91.76	85.91	115.11	132.32	123.97	126.04	139.43	118.53	57.09	155.95	158.5	96.72	34.12	78.43	36.11	126.69	131.85	94.28	14.78	83.92	45.59	58.45	39.84	85.9	100.79	134.4	81.38	139.07	104.44	59.59	51.6	97.07	51.45	123.43	99.98	11.74	127.17	84.8	102.61	28.44	109.06	95.88	139.06	113.53	90.7
24	97.06	123.39	150.37	102.37	75.56	40.92	145.91	91.64	91.62	116.91	162.71	122.49	81.2	61.01	107.12	83.22	104.88	74.12	150.7	114.9	147.96	90.68	103.13	100.17	0.0	110.45	100.56	136.73	43.75	66.43	112.45	144.5	117.77	179.66	98.8	143.23	135.99	91.47	156.14	155.78	95.11	66.06	113.69	88.51	100.94	82.43	50.82	85.51	98.79	84.17	49.54	69.81	64.11	55.13	102.74	83.08	103.8	22.23	105.12	63.94	128.34	78.11	105.26	21.38	90.03	169.74	105.05	110.31	83.18	91.59	121.29	154.53	57.64	97.06
25	25.88	149.85	40.06	43.55	37.31	77.02	82.98	78.44	28.8	46.45	68.04	51.33	92.05	62.56	26.23	58.2	48.18	94.67	46.83	47.23	46.62	34.66	25.87	116.57	110.45	0.0	102.95	45.9	66.93	44.41	38.32	46.8	16.2	92.99	24.11	32.79	32.11	59.73	46.68	47.29	20.61	104.04	47.78	80.46	22.5	49.81	59.66	108.54	33.2	71.18	121.78	83.72	48.1	56.3	30.54	37.41	35.87	131.76	62.09	74.44	42.51	66.61	13.81	90.14	117.0	74.3	34.62	17.11	89.28	19.24	35.52	45.59	60.08	25.88
26	77.13	47.1	132.05	132.34	77.64	106.36	67.49	24.58	111.31	66.93	106.43	67.46	20.04	57.76	78.78	129.75	137.33	26.45	111.17	64.63	106.03	68.89	119.07	15.44	100.56	102.95	0.0	88.99	82.46	81.96	70.96	99.69	118.91	109.49	114.04	124.63	103.39	43.23	141.13	143.81	83.58	36.63	63.22	23.23	114.51	122.13	86.82	19.49	69.94	33.2	64.7	33.39	76.35	92.83	122.54	69.07	127.42	108.0	44.42	44.16	81.72	40.14	110.64	97.07	23.07	111.94	70.31	88.37	19.49	96.87	80.75	123.8	105.8	77.13
27	41.09	134.23	49.43	89.41	63.36	112.32	42.18	68.83	73.5	23.52	26.13	21.54	87.28	77.19	30.72	103.02	93.94	93.28	22.34	26.02	17.08	46.12	71.75	104.4	136.73	45.9	88.99	0.0	94.61	73.88	24.73	10.71	57.87	47.99	69.82	43.86	20.24	53.98	58.52	62.43	46.05	106.13	27.56	72.49	68.35	94.24	90.27	102.13	37.96	67.21	131.38	85.54	74.04	90.03	76.41	53.83	81.67	155.32	45.59	81.67	8.73	67.76	59.71	119.6	109.4	33.16	31.71	32.36	83.61	59.28	15.55	36.35	98.22	41.09
28	54.02	119.68	106.96	66.88	32.02	24.3	110.09	64.47	51.41	76.78	120.74	82.8	62.97	26.46	64.29	54.12	70.64	59.32	107.28	75.08	104.79	48.66	62.97	88.81	43.75	66.93	82.46	94.61	0.0	22.68	71.14	101.69	75.49	139.64	58.09	99.7	92.44	56.75	113.1	113.04	51.48	59.87	74.08	62.81	60.0	49.33	8.68	75.0	56.86	54.8	63.95	49.41	20.72	15.5	63.65	40.9	66.05	64.83	70.0	38.31	86.54	47.05	62.97	24.99	82.52	127.77	63.38	66.75	62.98	48.41	79.07	110.78	26.0	54.02
29	32.79	124.7	84.47	52.83	10.61	38.73	94.81	59.65	33.58	58.59	99.92	64.86	64.87	26.03	43.17	47.84	57.45	64.0	85.08	57.31	82.85	29.49	44.34	91.76	66.43	44.41	81.96	73.88	22.68	0.0	51.82	80.17	54.17	120.36	39.08	77.13	70.09	46.14	90.86	91.03	29.16	69.13	56.59	59.41	40.61	40.2	16.56	79.85	37.32	49.72	80.76	52.58	6.0	16.67	46.17	22.22	49.82	87.43	57.44	40.93	66.27	42.09	41.87	46.97	88.17	106.91	43.88	44.5	63.57	26.49	58.44	88.13	27.8	32.79
30	20.57	117.8	61.11	79.28	41.23	90.53	46.68	48.15	60.03	8.44	50.32	14.34	65.56	52.49	12.73	88.12	84.27	70.74	43.5	8.9	39.17	22.59	62.1	85.91	112.45	38.32	70.96	24.73	71.14	51.82	0.0	34.05	54.07	68.68	58.61	53.75	32.91	31.04	70.22	73.03	27.81	83.01	9.53	51.35	57.84	79.13	67.66	81.33	14.51	44.51	107.24	62.06	50.99	68.42	66.64	30.32	72.15	130.7	26.75	57.27	16.07	43.88	50.53	96.01	89.17	57.34	7.93	21.23	62.08	43.87	10.72	53.9	78.12	20.57
31	47.68	144.81	41.61	89.39	69.89	118.0	49.87	79.45	75.43	33.97	21.26	32.25	97.82	85.92	37.43	104.96	93.6	103.69	11.92	36.47	6.55	53.93	72.03	115.11	144.5	46.8	99.69	10.71	101.69	80.17	34.05	0.0	56.25	46.55	70.87	37.13	15.91	64.21	50.35	54.56	51.36	116.42	38.0	83.08	69.14	96.44	96.71	112.78	46.01	77.54	141.24	95.69	80.98	95.79	76.58	61.43	81.57	163.64	56.25	91.32	18.79	77.72	60.32	126.64	120.09	27.75	40.22	36.43	94.17	62.64	23.75	26.73	102.97	47.68
32	41.79	165.69	35.28	34.14	49.35	81.0	97.34	94.35	27.78	61.97	76.74	66.46	107.36	75.61	42.31	53.56	37.85	109.54	52.97	62.94	54.32	50.23	18.74	132.32	117.77	16.2	118.91	57.87	75.49	54.17	54.07	56.25	0.0	102.72	20.65	30.06	40.39	75.7	39.07	38.15	35.69	118.21	63.59	96.24	18.33	46.52	67.4	123.82	49.35	86.79	134.12	98.36	58.9	62.64	22.43	51.98	26.48	139.67	78.29	88.48	56.12	81.81	12.54	96.72	132.32	82.3	50.78	32.9	104.74	27.78	49.97	46.85	63.14	41.79
33	87.99	146.48	81.95	135.92	109.75	159.08	42.08	97.69	121.22	62.97	26.35	57.2	115.99	118.69	77.88	150.79	140.15	123.54	51.38	64.85	48.74	91.27	118.49	123.97	179.66	92.99	109.49	47.99	139.64	120.36	68.68	46.55	102.72	0.0	117.1	80.07	62.34	89.67	88.83	93.53	93.69	137.23	66.01	101.72	115.45	142.09	136.34	127.21	83.17	100.51	165.35	119.16	119.67	136.86	123.07	98.98	128.1	196.36	76.91	119.05	54.42	104.09	106.67	164.35	132.47	22.55	76.58	80.35	112.3	107.27	62.48	64.07	145.77	87.99
34	40.55	159.54	55.89	20.67	37.84	60.83	104.94	89.74	7.32	67.04	92.07	72.64	99.76	63.74	45.88	34.47	25.7	100.48	70.07	67.25	70.36	46.44	5.32	126.04	98.8	24.11	114.04	69.82	58.09	39.08	58.61	70.87	20.65	117.1	0.0	50.31	55.85	72.1	59.56	58.3	32.71	107.29	67.45	90.82	2.32	26.58	49.57	115.76	48.99	80.89	119.75	88.98	44.69	43.96	8.59	44.98	13.91	120.92	78.19	77.99	65.75	74.58	10.7	77.52	124.27	98.23	52.87	38.88	97.68	17.25	58.23	66.28	42.86	40.55
35	52.82	171.54	7.81	63.26	69.42	108.95	85.99	101.25	57.08	59.05	53.83	60.95	117.47	93.25	47.01	83.59	66.27	121.48	28.8	61.0	32.41	61.98	48.79	139.43	143.23	32.79	124.63	43.86	99.7	77.13	53.75	37.13	30.06	80.07	50.31	0.0	23.81	83.02	16.52	19.39	50.75	132.31	62.22	104.1	48.03	76.55	92.43	133.75	57.1	96.03	152.49	111.33	80.54	88.86	52.36	66.98	55.94	164.53	80.49	103.51	46.85	93.22	40.51	122.84	141.89	57.98	54.86	38.5	114.24	51.79	44.75	17.82	91.48	52.82
36	39.45	149.85	30.0	73.79	60.45	106.55	62.41	81.04	60.9	36.63	36.51	37.69	98.4	80.16	30.48	90.21	77.9	103.32	15.2	38.83	14.53	47.44	56.63	118.53	135.99	32.11	103.39	20.24	92.44	70.09	32.91	15.91	40.39	62.34	55.85	23.81	0.0	63.77	39.25	42.83	40.97	115.19	40.2	84.26	53.99	81.91	86.55	114.24	40.57	77.2	137.96	94.1	71.88	84.72	61.11	54.14	65.98	156.09	58.97	87.93	23.25	75.76	45.18	117.05	122.07	42.44	36.36	25.69	94.95	49.51	22.66	21.13	90.61	39.45
37	33.91	90.17	90.68	91.43	38.6	80.25	54.55	18.74	70.29	30.55	77.22	34.32	34.67	31.36	36.21	92.64	96.53	39.71	74.36	28.06	69.81	25.95	76.91	57.09	91.47	59.73	43.23	53.98	56.75	46.14	31.04	64.21	75.7	89.67	72.1	83.02	63.77	0.0	99.51	101.82	40.58	52.21	26.55	21.15	72.31	84.21	57.13	50.76	26.84	13.47	77.75	31.58	41.91	61.05	80.68	27.71	85.82	106.9	13.7	29.39	45.45	14.49	67.78	79.13	58.87	83.88	28.17	45.56	31.3	54.86	41.73	84.86	73.5	33.91
38	68.78	188.01	9.26	68.14	83.97	120.06	100.14	117.77	66.79	75.3	63.54	76.87	133.9	108.63	63.43	90.23	70.09	137.8	39.93	77.31	44.62	77.99	56.77	155.95	156.14	46.68	141.13	58.52	113.1	90.86	70.22	50.35	39.07	88.83	59.56	16.52	39.25	99.51	0.0	4.71	66.03	148.43	78.56	120.6	57.24	84.29	105.4	150.21	73.44	112.47	167.96	127.53	94.76	101.17	59.39	82.59	61.75	177.8	96.94	119.41	62.5	109.5	51.22	135.32	158.38	66.28	71.36	54.7	130.71	64.69	61.01	25.13	102.2	68.78
39	70.39	190.78	13.01	65.57	84.58	119.05	104.25	120.22	65.59	78.44	68.17	80.28	136.04	109.68	65.63	87.97	67.25	139.71	44.37	80.38	48.96	79.63	55.17	158.5	155.78	47.29	143.81	62.43	113.04	91.03	73.03	54.56	38.15	93.53	58.3	19.39	42.83	101.82	4.71	0.0	67.16	150.08	81.6	122.96	56.0	82.37	105.18	152.41	75.47	114.63	168.98	129.28	95.16	100.69	57.49	83.88	59.48	177.57	99.78	120.86	66.05	111.38	50.56	134.81	160.64	70.98	73.75	56.61	132.9	64.66	64.15	29.73	101.12	70.39
40	7.92	130.15	58.46	53.1	19.57	66.64	74.39	59.0	32.82	36.06	71.68	42.15	71.7	42.61	16.04	60.32	58.21	74.11	55.92	35.77	53.75	14.7	37.06	96.72	95.11	20.61	83.58	46.05	51.48	29.16	27.81	51.36	35.69	93.69	32.71	50.75	40.97	40.58	66.03	67.16	0.0	83.46	35.71	60.7	32.5	51.33	45.68	88.17	16.32	51.14	101.93	63.11	31.04	44.43	41.22	16.84	46.61	115.53	45.53	53.92	39.34	46.17	27.23	76.09	96.65	78.58	20.92	15.34	69.05	16.41	31.24	59.67	52.17	7.92
41	79.69	60.69	140.11	121.9	69.74	80.89	96.91	39.57	102.49	82.63	128.43	85.76	21.51	43.56	85.69	113.2	126.4	13.69	126.48	80.12	121.99	70.46	112.6	34.12	66.06	104.04	36.63	106.13	59.87	69.13	83.01	116.42	118.21	137.23	107.29	132.31	115.19	52.21	148.43	150.08	83.46	0.0	78.59	35.54	108.46	107.21	66.86	19.5	75.41	38.93	29.03	21.1	63.18	73.9	114.96	66.63	118.88	71.52	61.89	29.73	97.64	39.44	107.37	66.98	24.5	134.82	78.85	93.8	25.07	91.73	93.73	136.31	85.77	79.69
42	27.96	109.68	69.36	88.11	46.27	94.93	39.03	41.62	68.42	4.04	50.95	8.81	59.84	52.8	21.83	95.83	93.15	65.72	48.73	1.53	43.89	27.22	71.14	78.43	113.69	47.78	63.22	27.56	74.08	56.59	9.53	38.0	63.59	66.01	67.45	62.22	40.2	26.55	78.56	81.6	35.71	78.59	0.0	45.15	66.8	86.86	71.62	75.01	20.29	39.66	104.23	58.12	54.83	73.23	75.62	34.4	81.13	130.9	18.84	55.06	19.24	40.65	59.74	98.54	82.54	57.75	14.79	30.72	56.21	52.07	17.62	60.64	83.78	27.96
43	54.59	69.45	111.72	109.14	54.53	87.1	61.92	4.03	88.09	49.15	93.46	51.37	14.9	36.75	57.36	107.24	114.15	21.89	93.87	46.67	89.04	46.03	95.86	36.11	88.51	80.46	23.23	72.49	62.81	59.41	51.35	83.08	96.24	101.72	90.82	104.1	84.26	21.15	120.6	122.96	60.7	35.54	45.15	0.0	91.31	99.41	65.97	29.99	47.91	9.99	63.79	19.2	54.0	71.46	99.31	45.86	104.19	100.2	27.08	25.65	64.38	17.32	87.6	80.87	37.87	99.69	49.24	66.7	11.17	73.66	61.81	105.21	84.45	54.59
44	40.27	160.2	53.58	21.54	38.85	63.11	104.0	90.13	9.6	66.26	90.3	71.77	100.52	64.94	45.12	36.49	26.46	101.42	68.1	66.56	68.49	46.52	4.59	126.69	100.94	22.5	114.51	68.35	60.0	40.61	57.84	69.14	18.33	115.45	2.32	48.03	53.99	72.31	57.24	56.0	32.5	108.46	66.8	91.31	0.0	28.74	51.53	116.61	48.69	81.41	121.35	89.94	46.13	46.02	8.82	45.45	14.33	123.04	78.03	79.06	64.49	75.24	8.82	79.68	125.12	96.41	52.33	37.78	98.37	17.66	57.07	64.09	45.15	40.27
45	58.91	164.57	81.65	20.13	45.65	41.67	125.71	99.38	21.02	87.38	117.7	93.47	104.97	65.68	66.93	8.99	22.49	103.61	96.42	87.02	96.43	61.5	27.83	131.85	82.43	49.81	122.13	94.24	49.33	40.2	79.13	96.44	46.52	142.09	26.58	76.55	81.91	84.21	84.29	82.37	51.33	107.21	86.86	99.41	28.74	0.0	41.09	119.57	66.77	89.58	113.18	92.36	45.97	33.96	24.9	56.91	23.45	104.54	93.46	80.58	89.07	82.12	37.18	61.37	127.75	124.06	72.13	62.08	103.75	35.51	81.14	92.82	25.31	58.91
46	49.22	125.89	99.55	58.27	26.92	23.48	108.89	67.15	42.81	73.96	116.35	80.15	67.88	29.26	59.61	46.42	62.11	65.03	101.58	72.48	99.4	45.09	54.4	94.28	50.82	59.66	86.82	90.27	8.68	16.56	67.66	96.71	67.4	136.34	49.57	92.43	86.55	57.13	105.4	105.18	45.68	66.86	71.62	65.97	51.53	41.09	0.0	80.93	53.17	57.21	72.47	54.49	16.79	7.15	55.0	37.44	57.37	72.4	69.77	42.9	82.51	49.32	54.86	30.65	88.73	123.36	59.76	61.02	67.47	40.77	74.78	104.21	19.26	49.22
47	82.91	45.06	141.42	132.31	78.01	97.57	85.55	33.39	111.9	78.98	121.89	80.76	16.5	53.92	86.8	126.36	137.09	15.98	123.74	76.51	118.84	73.9	121.0	14.78	85.51	108.54	19.49	102.13	75.0	79.85	81.33	112.78	123.82	127.21	115.76	133.75	114.24	50.76	150.21	152.41	88.17	19.5	75.01	29.99	116.61	119.57	80.93	0.0	76.99	37.79	45.75	27.26	73.88	87.63	123.93	72.01	128.36	90.59	56.54	38.99	94.19	42.01	114.12	85.28	8.53	127.8	78.92	95.88	19.51	99.16	91.8	135.2	100.18	82.91
48	8.44	116.97	64.87	69.43	26.75	76.03	59.32	45.57	49.04	21.57	64.02	27.89	60.58	40.08	10.3	75.72	74.53	64.38	53.7	20.68	50.16	8.21	53.21	83.92	98.79	33.2	69.94	37.96	56.86	37.32	14.51	46.01	49.35	83.17	48.99	57.1	40.57	26.84	73.44	75.47	16.32	75.41	20.29	47.91	48.69	66.77	53.17	76.99	0.0	39.2	97.39	54.35	36.55	53.94	57.46	15.97	62.88	117.64	29.49	47.42	29.7	36.14	42.75	81.81	85.28	71.06	6.59	18.89	57.49	32.64	22.52	61.46	63.88	8.44
49	45.37	79.07	103.74	99.16	44.56	79.06	62.74	10.02	78.11	43.7	89.78	46.95	21.44	28.36	49.04	97.5	104.17	26.24	87.8	41.19	83.21	36.57	85.95	45.59	84.17	71.18	33.2	67.21	54.8	49.72	44.51	77.54	86.79	100.51	80.89	96.03	77.2	13.47	112.47	114.63	51.14	38.93	39.66	9.99	81.41	89.58	57.21	37.79	39.2	0.0	65.33	18.85	44.45	62.38	89.36	35.96	94.22	97.71	23.71	20.23	58.75	7.9	77.87	74.52	46.09	96.31	41.32	58.09	18.29	63.75	55.2	98.3	75.31	45.37
50	99.92	75.48	160.27	130.71	84.87	78.25	125.61	67.8	113.78	108.19	154.94	112.04	50.43	59.33	107.59	117.29	134.58	42.42	150.48	105.73	146.37	91.03	124.94	58.45	49.54	121.78	64.7	131.38	63.95	80.76	107.24	141.24	134.12	165.35	119.75	152.49	137.96	77.75	167.96	168.98	101.93	29.03	104.23	63.79	121.35	113.18	72.47	45.75	97.39	65.33	0.0	46.49	75.47	79.45	126.35	85.52	129.33	47.21	88.98	50.1	122.7	63.63	122.22	59.5	46.87	161.55	101.92	114.49	53.88	106.44	117.81	158.82	88.76	99.92
51	58.9	72.21	119.13	105.12	51.14	73.07	80.47	22.83	84.86	62.12	108.56	65.68	13.57	26.69	64.62	99.29	109.87	11.52	105.56	59.63	101.15	49.67	94.26	39.84	69.81	83.72	33.39	85.54	49.41	52.58	62.06	95.69	98.36	119.16	88.98	111.33	94.1	31.58	127.53	129.28	63.11	21.1	58.12	19.2	89.94	92.36	54.49	27.26	54.35	18.85	46.49	0.0	46.62	60.95	97.02	46.42	101.33	81.0	42.52	11.8	76.97	18.35	88.03	64.02	35.61	115.12	57.76	72.85	14.11	72.7	72.78	115.22	73.72	58.9
52	33.3	118.77	88.03	58.82	11.47	40.15	92.33	54.44	39.42	57.18	100.16	63.36	59.01	20.03	43.6	53.41	63.45	58.02	86.64	55.69	84.08	28.4	49.98	85.9	64.11	48.1	76.35	74.04	20.72	6.0	50.99	80.98	58.9	119.67	44.69	80.54	71.88	41.91	94.76	95.16	31.04	63.18	54.83	54.0	46.13	45.97	16.79	73.88	36.55	44.45	75.47	46.62	0.0	19.26	51.97	20.7	55.72	84.53	53.87	34.94	66.09	36.71	46.8	45.67	82.2	107.19	43.12	46.2	57.78	31.12	58.5	90.65	31.59	33.3
53	49.0	132.65	95.75	51.42	27.2	22.3	111.28	72.38	36.95	75.25	115.94	81.53	74.21	35.07	59.32	39.32	55.14	71.69	99.88	73.97	98.04	46.16	48.57	100.79	55.13	56.3	92.83	90.03	15.5	16.67	68.42	95.79	62.64	136.86	43.96	88.86	84.72	61.05	101.17	100.69	44.43	73.9	73.23	71.46	46.02	33.96	7.15	87.63	53.94	62.38	79.45	60.95	19.26	0.0	48.82	38.84	50.88	77.1	73.13	49.24	82.62	54.49	50.14	34.15	95.53	122.89	60.49	59.58	73.62	37.09	74.7	101.5	12.99	49.0
54	49.02	167.88	57.02	13.02	45.92	63.43	112.7	98.27	12.61	75.05	97.59	80.51	108.02	71.42	53.92	31.26	17.77	108.53	74.67	75.37	75.48	55.03	4.68	134.4	102.74	30.54	122.54	76.41	63.65	46.17	66.64	76.58	22.43	123.07	8.59	52.36	61.11	80.68	59.39	57.49	41.22	114.96	75.62	99.31	8.82	24.9	55.0	123.93	57.46	89.36	126.35	97.02	51.97	48.82	0.0	53.5	5.51	124.96	86.73	85.88	72.9	82.96	16.76	81.36	132.42	103.51	61.15	46.41	106.01	25.83	65.62	69.28	45.55	49.02
55	14.76	114.9	74.76	63.82	12.25	60.59	72.65	44.78	42.68	36.56	79.93	42.79	55.65	26.42	24.18	65.54	68.9	57.56	68.22	35.17	65.12	7.76	50.0	81.38	83.08	37.41	69.07	53.83	40.9	22.22	30.32	61.43	51.98	98.98	44.98	66.98	54.14	27.71	82.59	83.88	16.84	66.63	34.4	45.86	45.45	56.91	37.44	72.01	15.97	35.96	85.52	46.42	20.7	38.84	53.5	0.0	58.48	102.37	36.7	37.08	45.65	30.1	42.16	65.85	80.53	86.96	22.49	29.25	53.24	27.8	38.31	74.24	49.74	14.76
56	54.45	172.51	60.1	7.82	50.38	63.81	118.19	103.25	16.47	80.57	102.49	86.02	112.57	75.43	59.43	28.5	12.32	112.85	79.25	80.88	80.26	60.28	10.12	139.07	103.8	35.87	127.42	81.67	66.05	49.82	72.15	81.57	26.48	128.1	13.91	55.94	65.98	85.82	61.75	59.48	46.61	118.88	81.13	104.19	14.33	23.45	57.37	128.36	62.88	94.22	129.33	101.33	55.72	50.88	5.51	58.48	0.0	126.03	92.1	90.05	78.31	87.68	22.16	82.45	136.83	108.3	66.64	51.89	110.65	30.99	71.07	73.19	46.22	54.45
57	116.78	122.44	171.79	124.53	95.98	62.92	160.42	103.76	113.76	134.38	180.99	139.6	90.24	78.29	126.55	105.01	126.95	82.4	170.52	132.21	167.49	109.73	125.3	104.44	22.23	131.76	108.0	155.32	64.83	87.43	130.7	163.64	139.67	196.36	120.92	164.53	156.09	106.9	177.8	177.57	115.53	71.52	130.9	100.2	123.04	104.54	72.4	90.59	117.64	97.71	47.21	81.0	84.53	77.1	124.96	102.37	126.03	0.0	120.22	77.88	146.75	92.76	127.14	43.61	93.23	187.98	123.65	130.5	92.9	113.13	140.1	175.18	79.85	116.78
58	37.83	91.09	87.8	98.37	48.67	93.12	40.85	23.3	77.55	22.66	66.56	24.3	41.97	45.0	36.23	102.18	103.5	48.52	67.34	20.28	62.37	32.29	82.58	59.59	105.12	62.09	44.42	45.59	70.0	57.44	26.75	56.25	78.29	76.91	78.19	80.49	58.97	13.7	96.94	99.78	45.53	61.89	18.84	27.08	78.03	93.46	69.77	56.54	29.49	23.71	88.98	42.52	53.87	73.13	86.73	36.7	92.1	120.22	0.0	42.41	37.75	27.47	72.24	92.74	63.87	72.93	27.61	45.94	38.25	61.36	36.33	79.48	85.18	37.83
59	50.69	84.0	111.32	93.62	40.22	62.35	82.61	28.21	73.58	58.89	106.01	63.34	24.99	14.94	57.69	87.49	98.32	23.08	100.38	56.5	96.33	41.55	83.3	51.6	63.94	74.44	44.16	81.67	38.31	40.93	57.27	91.32	88.48	119.05	77.99	103.51	87.93	29.39	119.41	120.86	53.92	29.73	55.06	25.65	79.06	80.58	42.9	38.99	47.42	20.23	50.1	11.8	34.94	49.24	85.88	37.08	90.05	77.88	42.41	0.0	72.96	14.97	77.68	55.22	47.26	112.8	51.82	65.1	24.69	62.11	67.77	108.88	62.07	50.69
60	33.64	127.55	53.25	85.91	55.68	104.9	41.37	60.81	68.72	15.23	34.37	14.63	79.08	68.55	23.47	97.97	90.63	84.9	29.59	17.72	24.66	37.91	68.23	97.07	128.34	42.51	81.72	8.73	86.54	66.27	16.07	18.79	56.12	54.42	65.75	46.85	23.25	45.45	62.5	66.05	39.34	97.64	19.24	64.38	64.49	89.07	82.51	94.19	29.7	58.75	122.7	76.97	66.09	82.62	72.9	45.65	78.31	146.75	37.75	72.96	0.0	59.1	56.15	111.5	101.62	41.4	23.3	27.09	75.45	53.68	8.1	42.3	91.36	33.64
61	41.21	84.96	101.0	92.34	37.56	71.28	67.92	17.89	71.41	44.58	91.53	48.7	25.57	20.6	46.36	89.92	97.3	28.33	87.36	42.13	83.04	32.06	79.73	51.45	78.11	66.61	40.14	67.76	47.05	42.09	43.88	77.72	81.81	104.09	74.58	93.22	75.76	14.49	109.5	111.38	46.17	39.44	40.65	17.32	75.24	82.12	49.32	42.01	36.14	7.9	63.63	18.35	36.71	54.49	82.96	30.1	87.68	92.76	27.47	14.97	59.1	0.0	72.27	67.4	50.51	98.25	39.41	54.81	23.16	57.63	54.57	96.88	67.43	41.21
62	34.5	156.93	46.61	29.78	37.84	68.93	96.17	86.08	16.71	58.88	81.48	64.15	97.8	64.27	37.91	45.17	34.48	99.38	59.37	59.37	59.68	41.84	12.09	123.43	105.26	13.81	110.64	59.71	62.97	41.87	50.53	60.32	12.54	106.67	10.7	40.51	45.18	67.78	51.22	50.56	27.23	107.37	59.74	87.6	8.82	37.18	54.86	114.12	42.75	77.87	122.22	88.03	46.8	50.14	16.76	42.16	22.16	127.14	72.24	77.68	56.15	72.27	0.0	84.26	122.65	87.59	45.64	29.86	95.4	15.83	48.93	55.92	51.21	34.5
63	78.97	127.36	129.83	81.19	56.84	20.53	133.41	83.34	70.3	101.39	145.73	107.31	77.03	47.77	89.27	62.79	83.86	71.3	132.01	99.6	129.64	73.6	81.79	99.98	21.38	90.14	97.07	119.6	24.99	46.97	96.01	126.64	96.72	164.35	77.52	122.84	117.05	79.13	135.32	134.81	76.09	66.98	98.54	80.87	79.68	61.37	30.65	85.28	81.81	74.52	59.5	64.02	45.67	34.15	81.36	65.85	82.45	43.61	92.74	55.22	111.5	67.4	84.26	0.0	91.41	152.76	88.3	91.43	78.11	71.06	104.06	134.86	36.36	78.97
64	91.33	37.17	149.54	140.73	86.51	104.62	90.52	41.04	120.37	86.46	128.41	87.93	24.96	62.2	95.01	134.42	145.48	24.18	131.2	84.03	126.24	82.34	129.52	11.74	90.03	117.0	23.07	109.4	82.52	88.17	89.17	120.09	132.32	132.47	124.27	141.89	122.07	58.87	158.38	160.64	96.65	24.5	82.54	37.87	125.12	127.75	88.73	8.53	85.28	46.09	46.87	35.61	82.2	95.53	132.42	80.53	136.83	93.23	63.87	47.26	101.62	50.51	122.65	91.41	0.0	134.14	87.03	104.16	27.8	107.68	99.54	142.95	107.95	91.33
65	74.14	153.36	59.49	116.11	96.44	145.16	48.8	95.74	103.03	53.99	7.04	49.57	114.54	109.7	63.75	132.5	120.09	121.4	29.7	56.32	28.04	79.24	99.05	127.17	169.74	74.3	111.94	33.16	127.77	106.91	57.34	27.75	82.3	22.55	98.23	57.98	42.44	83.88	66.28	70.98	78.58	134.82	57.75	99.69	96.41	124.06	123.36	127.8	71.06	96.31	161.55	115.12	107.19	122.89	103.51	86.96	108.3	187.98	72.93	112.8	41.4	98.25	87.59	152.76	134.14	0.0	64.7	63.97	110.79	90.37	48.71	41.58	130.51	74.14
66	13.23	117.4	62.51	73.5	33.3	82.6	53.6	46.47	53.64	15.41	57.67	21.68	62.73	45.7	8.63	81.12	78.57	67.2	48.61	14.89	44.75	14.74	56.74	84.8	105.05	34.62	70.31	31.71	63.38	43.88	7.93	40.22	50.78	76.58	52.87	54.86	36.36	28.17	71.36	73.75	20.92	78.85	14.79	49.24	52.33	72.13	59.76	78.92	6.59	41.32	101.92	57.76	43.12	60.49	61.15	22.49	66.64	123.65	27.61	51.82	23.3	39.41	45.64	88.3	87.03	64.7	0.0	18.36	59.44	37.28	16.5	57.47	70.27	13.23
67	14.59	135.47	46.31	59.31	34.76	81.68	66.32	64.22	41.63	29.34	57.19	34.35	79.46	55.65	9.73	70.94	64.17	83.12	40.58	30.13	38.47	23.55	41.77	102.61	110.31	17.11	88.37	32.36	66.75	44.5	21.23	36.43	32.9	80.35	38.88	38.5	25.69	45.56	54.7	56.61	15.34	93.8	30.72	66.7	37.78	62.08	61.02	95.88	18.89	58.09	114.49	72.85	46.2	59.58	46.41	29.25	51.89	130.5	45.94	65.1	27.09	54.81	29.86	91.43	104.16	63.97	18.36	0.0	76.38	26.92	19.37	45.06	66.56	14.59
68	63.55	61.87	121.93	115.08	60.33	86.89	71.84	15.05	94.3	60.22	104.59	62.54	3.75	38.63	67.29	111.11	119.97	11.46	104.88	57.73	100.09	54.63	102.85	28.44	83.18	89.28	19.49	83.61	62.98	63.57	62.08	94.17	104.74	112.3	97.68	114.24	94.95	31.3	130.71	132.9	69.05	25.07	56.21	11.17	98.37	103.75	67.47	19.51	57.49	18.29	53.88	14.11	57.78	73.62	106.01	53.24	110.65	92.9	38.25	24.69	75.45	23.16	95.4	78.11	27.8	110.79	59.44	76.38	0.0	80.78	72.64	115.98	86.54	63.55
69	24.31	142.58	58.8	37.01	22.06	57.85	90.55	72.51	16.41	52.23	83.73	58.2	82.99	48.48	31.48	44.47	42.13	84.14	64.65	52.08	63.65	29.32	22.2	109.06	91.59	19.24	96.87	59.28	48.41	26.49	43.87	62.64	27.78	107.27	17.25	51.79	49.51	54.86	64.69	64.66	16.41	91.73	52.07	73.66	17.66	35.51	40.77	99.16	32.64	63.75	106.44	72.7	31.12	37.09	25.83	27.8	30.99	113.13	61.36	62.11	53.68	57.63	15.83	71.06	107.68	90.37	37.28	26.92	80.78	0.0	45.69	64.72	41.22	24.31
70	25.7	127.3	51.79	78.58	47.88	96.99	47.51	58.5	60.92	14.29	41.67	16.99	76.15	62.2	15.43	90.06	83.38	81.43	32.79	16.31	28.56	30.63	60.95	95.88	121.29	35.52	80.75	15.55	79.07	58.44	10.72	23.75	49.97	62.48	58.23	44.75	22.66	41.73	61.01	64.15	31.24	93.73	17.62	61.81	57.07	81.14	74.78	91.8	22.52	55.2	117.81	72.78	58.5	74.7	65.62	38.31	71.07	140.1	36.33	67.77	8.1	54.57	48.93	104.06	99.54	48.71	16.5	19.37	72.64	45.69	0.0	43.41	83.3	25.7
71	59.48	169.85	17.92	80.66	79.2	122.57	76.38	101.91	72.61	56.87	38.45	56.9	119.45	100.54	51.22	100.27	83.86	124.45	15.28	59.2	20.43	67.95	65.42	139.06	154.53	45.59	123.8	36.35	110.78	88.13	53.9	26.73	46.85	64.07	66.28	17.82	21.13	84.86	25.13	29.73	59.67	136.31	60.64	105.21	64.09	92.82	104.21	135.2	61.46	98.3	158.82	115.22	90.65	101.5	69.28	74.24	73.19	175.18	79.48	108.88	42.3	96.88	55.92	134.86	142.95	41.58	57.47	45.06	115.98	64.72	43.41	0.0	105.64	59.48
72	57.92	145.12	97.8	44.87	37.57	17.99	122.38	85.32	35.55	85.44	123.68	91.76	87.06	48.05	67.89	28.53	47.73	84.29	105.79	84.38	104.53	56.56	46.55	113.53	57.64	60.08	105.8	98.22	26.0	27.8	78.12	102.97	63.14	145.77	42.86	91.48	90.61	73.5	102.2	101.12	52.17	85.77	83.78	84.45	45.15	25.31	19.26	100.18	63.88	75.31	88.76	73.72	31.59	12.99	45.55	49.74	46.22	79.85	85.18	62.07	91.36	67.43	51.21	36.36	107.95	130.51	70.27	66.56	86.54	41.22	83.3	105.64	0.0	57.92
73	0.0	123.98	60.64	61.01	22.31	71.29	66.83	52.59	40.72	28.58	67.14	34.78	66.42	41.1	10.39	67.89	66.11	69.5	53.74	28.11	50.9	9.24	44.79	90.7	97.06	25.88	77.13	41.09	54.02	32.79	20.57	47.68	41.79	87.99	40.55	52.82	39.45	33.91	68.78	70.39	7.92	79.69	27.96	54.59	40.27	58.91	49.22	82.91	8.44	45.37	99.92	58.9	33.3	49.0	49.02	14.76	54.45	116.78	37.83	50.69	33.64	41.21	34.5	78.97	91.33	74.14	13.23	14.59	63.55	24.31	25.7	59.48	57.92	0.0
;

param W:=
1 8
2 9
3 10
4 10
5 12
6 6
7 7
8 11
9 7
10 10
;

param w
:	1	2	3	4	5	6	7	8	9	10 :=
0	0	0	0	0	0	0	0	0	0	0
1	0	0	0	0	1	0	0	0	0	1
2	0	1	0	0	0	0	1	1	0	0
3	0	0	0	0	0	1	1	0	0	1
4	0	0	1	0	0	1	0	0	0	0
5	0	0	0	0	1	0	0	0	1	0
6	0	0	0	1	0	0	0	0	0	1
7	0	0	1	0	0	0	0	0	1	1
8	0	0	0	1	0	0	1	1	1	0
9	0	0	1	0	0	1	0	0	0	1
10	0	1	0	0	0	0	0	0	1	0
11	1	0	0	0	0	1	0	0	0	0
12	0	0	0	0	1	0	0	1	1	1
13	0	0	0	0	0	0	1	0	0	0
14	1	0	0	0	0	0	0	0	0	1
15	0	0	0	1	0	0	0	0	0	0
16	1	0	0	0	0	0	0	0	0	1
17	0	1	0	1	1	0	0	0	0	0
18	1	0	1	0	0	1	0	1	0	1
19	1	0	0	0	0	0	0	0	0	1
20	0	0	0	0	1	1	0	0	0	0
21	1	0	1	0	1	0	0	0	0	0
22	1	1	1	1	0	1	0	0	0	1
23	1	0	0	0	0	0	0	0	0	0
24	0	0	0	0	0	0	0	1	0	0
25	0	0	0	0	1	0	0	0	0	0
26	1	0	1	0	1	0	0	0	0	1
27	0	0	0	0	0	0	1	0	0	0
28	0	0	0	1	1	0	0	0	0	0
29	0	0	0	0	0	0	0	0	0	0
30	0	1	0	1	0	1	0	0	0	1
31	0	0	0	0	0	0	0	0	0	0
32	0	0	0	1	0	0	0	1	0	0
33	0	0	0	1	0	0	1	0	0	0
34	1	1	1	0	1	0	0	1	0	1
35	0	0	0	0	1	0	0	0	1	0
36	0	0	1	0	0	0	0	0	0	1
37	0	0	0	0	1	0	0	1	0	0
38	0	0	0	0	0	0	0	0	1	0
39	0	0	0	0	0	0	0	0	1	0
40	0	0	0	0	0	1	0	0	0	1
41	0	0	0	0	0	0	0	0	0	0
42	1	0	1	0	0	0	1	0	0	0
43	0	0	0	0	0	0	1	0	1	0
44	1	0	1	1	0	0	0	0	0	1
45	0	0	0	1	0	0	0	1	0	0
46	1	1	1	0	0	0	0	0	0	0
47	0	0	0	0	0	1	0	1	0	0
48	0	1	0	0	1	0	1	1	1	0
49	0	0	0	0	0	0	0	0	1	0
50	0	0	1	0	0	0	0	0	1	1
51	0	1	0	0	0	0	0	0	0	0
52	0	0	1	0	0	0	1	1	0	0
53	1	0	1	0	1	1	0	0	0	0
54	0	1	1	1	1	0	0	0	0	0
55	0	1	0	1	0	0	0	0	0	1
56	0	1	0	1	0	0	0	0	1	0
57	0	0	0	1	1	0	0	0	0	0
58	0	0	0	0	0	0	0	0	0	0
59	1	0	0	0	0	0	0	0	1	0
60	0	0	0	1	0	1	1	1	0	1
61	0	0	0	0	0	1	0	0	0	0
62	0	0	0	0	1	0	1	0	0	0
63	0	0	0	1	0	0	0	0	0	1
64	0	0	0	0	0	0	0	0	0	0
65	0	0	0	1	0	0	0	0	0	0
66	0	1	0	0	1	0	0	1	0	0
67	0	1	0	0	0	0	0	0	1	0
68	1	0	0	0	0	0	0	0	0	0
69	0	0	0	0	0	0	0	0	0	0
70	0	0	0	0	1	0	0	0	0	0
71	0	0	1	1	0	1	0	0	0	0
72	1	0	0	0	1	0	0	1	0	0
73	0	0	0	0	0	0	0	0	0	0
;

